orth	charde	charad	cat	lem	pag	linea
Πάλιν	441	446	d	Πάλις	2.44	12
οὖν	447	450	d	οὖν	2.44	12
ἡμεῖς	451	456	p	ἐγώ	2.44	12
μεταβῶμεν	457	466	v	μεταβαίνω	2.44	12
ἐφ	467	469	-	ἐπί	2.44	12
ἑτέραν	471	477	a	ἕτερος	2.44	12
ἀδολεσχίαν	548	558	n	ἀδολεσχία	2.44	13
.	558	559	u	.	2.44	13
οὐ	560	562	d	οὐ	2.44	13
γὰρ	563	566	d	γάρ	2.44	13
ἐπιτρέπουσιν	567	579	v	ἐπιτρέπω	2.44	13
οἱ	580	582	p	ὁ	2.44	13
σοφισταὶ	583	591	n	σοφιστής	2.44	13
τῶν	592	595	l	ὁ	2.44	13
ἀξίων	596	601	a	ἄξιος	2.44	13
τι	672	674	p	τις	2.44	14
ζητημάτων	675	684	v	ζήτημα	2.44	14
προχειρίζεσθαι	685	699	v	προχειρίζω	2.44	14
καίτοι	701	707	v	καίτοι	2.44	14
παμπόλλων	708	717	a	παμπολύς	2.44	14
ὑπαρχόντων	718	728	v	ὑπάρχω	2.44	14
ἀλλὰ	800	804	d	ἀλλά	2.44	15
κατατρίβειν	805	816	v	κατατρίβω	2.44	15
ἀναγκάζουσι	817	828	v	ἀναγκάζω	2.44	15
τὸν	829	832	l	ὁ	2.44	15
χρόνον	833	839	n	χρόνος	2.44	15
εἰς	840	843	v	εἰς	2.44	15
τὴν	844	847	l	ὁ	2.44	15
τῶν	848	851	l	ὁ	2.44	15
σοφισμάτων	852	862	n	σόφισμα	2.44	15
ὧν	934	936	p	ὅς	2.44	16
προβάλλονται	937	949	v	προβάλλω	2.44	16
λύσιν	951	956	n	λύσις	2.44	16
.	956	957	u	.	2.44	16
τίς	958	961	p	τίς	2.44	16
οὖν	962	965	d	οὖν	2.44	16
ἡ	966	967	l	ὁ	2.44	16
ἀδολεσχία	968	977	n	ἀδολεσχία	2.44	16
ἡ	1049	1050	l	ὁ	2.44	17
ἔνδοξος	1051	1058	a	ἔνδοξος	2.44	17
αὕτη	1059	1063	p	οὗτος	2.44	17
καὶ	1064	1067	a	καί	2.44	17
πολυθρύλλητος	1068	1081	a	πολυθρύλλητος	2.44	17
λίθος	1082	1087	n	λίθος	2.44	17
ἡ	1088	1089	p	ὁ	2.44	17
τὸν	1090	1093	l	ὁ	2.44	17
σίδηρον	1094	1101	n	σίδηρος	2.44	17
ἐπισπωμένη	1223	1233	v	ἐπισπάω	2.45	1
τάχα	1235	1239	d	τάχα	2.45	1
γὰρ	1240	1243	d	γάρ	2.45	1
ἂν	1244	1246	d	ἄν1	2.45	1
αὕτη	1247	1251	a	οὗτος	2.45	1
ποτὲ	1252	1256	d	ποτέ	2.45	1
τὴν	1257	1260	p	ὁ	2.45	1
ψυχὴν	1261	1266	n	ψυχή	2.45	1
αὐτῶν	1267	1272	p	αὐτός	2.45	1
ἐπισπάσαιτο	1341	1352	v	ἐπισπάω	2.45	2
πιστεύειν	1353	1362	v	πιστεύω	2.45	2
εἶναί	1364	1369	v	εἰμί	2.45	2
τινας	1370	1375	a	τις	2.45	2
ἐν	1376	1378	a	ἐν	2.45	2
ἑκάστῳ	1379	1385	a	ἕκαστος	2.45	2
τῶν	1386	1389	l	ὁ	2.45	2
σωμάτων	1390	1397	n	σῶμα	2.45	2
ἑλκτικὰς	1466	1474	a	ἑλκτικός	2.45	3
τῶν	1475	1478	l	ὁ	2.45	3
οἰκείων	1479	1486	a	οἰκεῖος	2.45	3
ποιοτήτων	1487	1496	n	ποιότης	2.45	3
δυνάμεις	1497	1505	n	δύναμις	2.45	3
.	1505	1506	u	.	2.45	3
Ἐπίκουρος	1507	1516	n	Ἐπίκουρος	2.45	3
μὲν	1517	1520	d	μέν	2.45	3
οὖν	1589	1592	d	οὖν	2.45	4
καίτοι	1594	1600	d	καίτοι	2.45	4
παραπλησίοις	1601	1613	a	παραπλήσιος	2.45	4
Ἀσκληπιάδῃ	1614	1624	n	Ἀσκληπιάδης	2.45	4
στοιχείοις	1625	1635	a	στοιχεῖον	2.45	4
εἰς	1636	1639	n	εἰς	2.45	4
τὴν	1640	1643	n	ὁ	2.45	4
φυσιολογίαν	1712	1723	n	φυσιολογία	2.45	5
χρώμενος	1724	1732	v	χράομαι	2.45	5
ὅμως	1734	1738	d	ὅμως	2.45	5
ὁμολογεῖ	1739	1747	v	ὁμολογέω	2.45	5
πρὸς	1749	1753	d	πρός	2.45	5
μὲν	1754	1757	d	μέν	2.45	5
τῆς	1758	1761	d	ὁ	2.45	5
ἡρακλείας	1762	1771	n	ἡράκλεια	2.45	5
λίθου	1840	1845	n	λίθος	2.45	6
τὸν	1846	1849	l	ὁ	2.45	6
σίδηρον	1850	1857	n	σίδηρος	2.45	6
ἕλκεσθαι	1858	1866	v	ἕλκω	2.45	6
πρὸς	1868	1872	d	πρός	2.45	6
δὲ	1873	1875	d	δέ	2.45	6
τῶν	1876	1879	l	ὁ	2.45	6
ἠλέκτρων	1880	1888	n	ἤλεκτρον	2.45	6
τὰ	1957	1959	l	ὁ	2.45	7
κυρήβια	1960	1967	a	κυρήβιον	2.45	7
καὶ	1969	1972	d	καί	2.45	7
πειρᾶταί	1973	1981	v	πειράω	2.45	7
γε	1982	1984	d	γέν	2.45	7
καὶ	1985	1988	d	καί	2.45	7
τὴν	1989	1992	l	ὁ	2.45	7
αἰτίαν	1993	1999	n	αἰτία	2.45	7
ἀποδιδόναι	2000	2010	v	ἀποδίδωμι	2.45	7
τοῦ	2011	2014	l	ὁ	2.45	7
φαινομένου	2083	2093	v	φαίνω	2.45	8
.	2093	2094	u	.	2.45	8
τὰς	2095	2098	l	ὁ	2.45	8
γὰρ	2099	2102	d	γάρ	2.45	8
ἀποῤῥεούσας	2103	2114	v	ἀπορρέω	2.45	8
ἀτόμους	2115	2122	a	ἄτομος	2.45	8
ἀπὸ	2123	2126	r	ἀπό	2.45	8
τῶν	2127	2130	l	ὁ	2.45	8
λίθων	2131	2136	n	λίθος	2.45	8
ταῖς	2205	2209	l	ὁ	2.45	9
ἀποῤῥεούσαις	2210	2222	v	ἀπορρέω	2.45	9
ἀπὸ	2223	2226	n	ἀπό	2.45	9
τοῦ	2227	2230	l	ὁ	2.45	9
σιδήρου	2231	2238	n	σίδηρος	2.45	9
τοῖς	2239	2243	l	ὁ	2.45	9
σχήμασιν	2244	2252	n	σχῆμα	2.45	9
οἰκείας	2253	2260	a	οἰκεῖος	2.45	9
εἶναί	2331	2336	v	εἰμί	2.45	10
φησιν	2337	2342	v	φημί	2.45	10
ὥστε	2344	2348	d	ὥστε	2.45	10
περιπλέκεσθαι	2349	2362	v	περιπλέκω	2.45	10
ῥᾳδίως	2363	2369	d	ῥᾴδιος	2.45	10
.	2369	2370	u	.	2.45	10
προσκρουούσας	2371	2384	v	προσκρούω	2.45	10
οὖν	2455	2458	d	οὖν	2.45	11
αὐτὰς	2459	2464	p	αὐτός	2.45	11
τοῖς	2465	2469	l	ὁ	2.45	11
συγκρίμασιν	2470	2481	n	σύγκριμα	2.45	11
ἑκατέροις	2482	2491	a	ἑκάτερος	2.45	11
τοῖς	2493	2497	l	ὁ	2.45	11
τε	2498	2500	d	τε	2.45	11
τοῦ	2501	2504	l	ὁ	2.45	11
λίθου	2505	2510	n	λίθος	2.45	11
καὶ	2581	2584	d	καί	2.45	12
τοῦ	2585	2588	l	ὁ	2.45	12
σιδήρου	2589	2596	a	σίδηρος	2.45	12
κᾄπειτ	2598	2604	v	οἶπι	2.45	12
εἰς	2606	2609	v	εἰς	2.45	12
τὸ	2610	2612	l	ὁ	2.45	12
μέσον	2613	2618	a	μέσος	2.45	12
ἀποπαλλομένας	2619	2632	v	ἀποπάλλω	2.45	12
οὕτως	2704	2709	d	οὕτως	2.45	13
ἀλλήλαις	2710	2718	p	ἀλλήλων	2.45	13
τε	2719	2721	d	τε	2.45	13
περιπλέκεσθαι	2722	2735	v	περιπλέκω	2.45	13
καὶ	2736	2739	d	καί	2.45	13
συνεπισπᾶσθαι	2740	2753	v	συνεπισπάω	2.45	13
τὸν	2754	2757	l	ὁ	2.45	13
σίδηρον	2828	2835	n	σίδηρος	2.45	14
.	2835	2836	u	.	2.45	14
ὅτι	2837	2840	c	ὅτι	2.45	14
μὲν	2841	2844	d	μέν	2.45	14
οὖν	2845	2848	d	οὖν	2.45	14
τὸ	2849	2851	l	ὁ	2.45	14
τῶν	2852	2855	l	ὁ	2.45	14
ὑποθέσεων	2856	2865	n	ὑπόθεσις	2.45	14
εἰς	2866	2869	r	εἰς	2.45	14
τὴν	2870	2873	l	ὁ	2.45	14
αἰτιολογίαν	2874	2885	n	αἰτιολογία	2.45	14
ἀπίθανον	2956	2964	a	ἀπίθανος	2.45	15
ἄντικρυς	2966	2974	d	ἄντικρυς	2.45	15
δῆλον	2975	2980	a	δῆλος	2.45	15
ὅμως	2982	2986	d	ὅμως	2.45	15
δ	2987	2988	n	δέ	2.45	15
οὖν	2990	2993	d	οὖν	2.45	15
ὁμολογεῖ	2994	3002	v	ὁμολογέω	2.45	15
τὴν	3003	3006	l	ὁ	2.45	15
ὁλκήν	3077	3082	n	ὁλκή	2.45	16
.	3082	3083	u	.	2.45	16
καὶ	3084	3087	d	καί	2.45	16
οὕτω	3088	3092	d	οὕτως	2.45	16
γε	3093	3095	d	γε	2.45	16
καὶ	3096	3099	d	καί	2.45	16
κατὰ	3100	3104	d	κατά	2.45	16
τὰ	3105	3107	l	ὁ	2.45	16
σώματα	3108	3114	n	σῶμα	2.45	16
τῶν	3115	3118	l	ὁ	2.45	16
ζώων	3119	3123	v	ζώω	2.45	16
φησὶ	3124	3128	v	φημί	2.45	16
γίνεσθαι	3199	3207	v	γίγνομαι	2.45	17
τάς	3208	3211	l	ὁ	2.45	17
τ	3212	3213	n	τέ	2.45	17
ἀναδόσεις	3215	3224	n	ἀνάδοσις	2.45	17
καὶ	3225	3228	d	καί	2.45	17
τὰς	3229	3232	l	ὁ	2.45	17
διακρίσεις	3233	3243	n	διάκρισις	2.45	17
τῶν	3244	3247	l	ὁ	2.45	17
περιττωμάτων	3248	3260	n	περίττωμα	2.45	17
καὶ	3332	3335	d	καί	2.45	18
τὰς	3336	3339	l	ὁ	2.45	18
τῶν	3340	3343	l	ὁ	2.45	18
καθαιρόντων	3344	3355	v	καθαίρω	2.45	18
φαρμάκων	3356	3364	n	φάρμακον	2.45	18
ἐνεργείας	3365	3374	n	ἐνέργεια	2.45	18
.	3374	3375	u	.	2.45	18
Ἀσκληπιάδης	3446	3457	n	Ἀσκληπιάδης	2.45	19
δὲ	3458	3460	d	δέ	2.45	19
τό	3461	3463	l	ὁ	2.45	19
τε	3464	3466	d	τε	2.45	19
τῆς	3467	3470	l	ὁ	2.45	19
εἰρημένης	3471	3480	v	ἐρῶ	2.45	19
αἰτίας	3481	3487	a	αἰτία	2.45	19
ἀπίθανον	3488	3496	a	ἀπίθανος	2.45	19
ὑπειδόμενος	3723	3734	v	ὑπειδόμην	2.46	1
καὶ	3736	3739	d	καί	2.46	1
μηδεμίαν	3740	3748	a	μηδείς	2.46	1
ἄλλην	3749	3754	a	ἄλλος	2.46	1
ἰσχὺν	3755	3760	a	ἰσχύς	2.46	1
ἐφ	3761	3763	v	ἐπί	2.46	1
οἷς	3765	3768	p	ὅς	2.46	1
ὑπέθετο	3769	3776	v	ὑποτίθημι	2.46	1
στοιχείοις	3845	3855	a	στοιχεῖον	2.46	2
ἐξευρίσκων	3856	3866	v	ἐξευρίσκω	2.46	2
πιθανὴν	3867	3874	a	πιθανός	2.46	2
ἐπὶ	3876	3879	v	ἐπί	2.46	2
τὸ	3880	3882	p	ὁ	2.46	2
μηδ	3883	3886	p	μηδέ	2.46	2
ὅλως	3888	3892	v	ὅλος	2.46	2
ἕλκεσθαι	3893	3901	v	ἕλκω	2.46	2
λέγειν	3970	3976	v	λέγω	2.46	3
ὑπὸ	3977	3980	p	ὑπό	2.46	3
μηδενὸς	3981	3988	p	μηδείς	2.46	3
μηδὲν	3989	3994	p	μηδείς	2.46	3
ἀναισχυντήσας	3995	4008	v	ἀναισχυντέω	2.46	3
ἐτράπετο	4009	4017	v	τρέπω	2.46	3
δέον	4019	4023	v	δεῖ	2.46	3
εἰ	4093	4095	v	εἰ	2.46	4
μήθ	4096	4099	d	μήτε	2.46	4
οἶς	4101	4104	v	ὄις	2.46	4
Ἐπίκουρος	4105	4114	v	Ἐπίκουρος	2.46	4
εἶπεν	4115	4120	v	εἶπον	2.46	4
ἠρέσκετο	4121	4129	v	ἀρέσκω	2.46	4
μήτ	4131	4134	d	μήτε	2.46	4
ἄλλα	4136	4140	p	ἄλλος	2.46	4
βελτίω	4141	4147	v	βελτίων	2.46	4
λέγειν	4216	4222	v	λέγω	2.46	5
εἶχεν	4223	4228	v	ἔχω	2.46	5
ἀποστῆναι	4230	4239	v	ἀφεστήξω	2.46	5
τῶν	4240	4243	l	ὁ	2.46	5
ὑποθέσεων	4244	4253	v	ὑπόθεσις	2.46	5
καὶ	4255	4258	d	καί	2.46	5
τήν	4259	4262	p	ὁ	2.46	5
τε	4263	4265	d	τε	2.46	5
φύσιν	4266	4271	v	φύσις	2.46	5
εἰπεῖν	4340	4346	v	εἶπον	2.46	6
τεχνικὴν	4347	4355	a	τεχνικός	2.46	6
ἔτι	4357	4360	d	ἔτι	2.46	6
τε	4361	4363	d	τε	2.46	6
καὶ	4364	4367	d	καί	2.46	6
οὐσίαν	4368	4374	n	οὐσία	2.46	6
τῶν	4375	4378	p	ὁ	2.46	6
ὄντων	4379	4384	v	εἰμί	2.46	6
ἑνουμένην	4385	4394	v	ἑνόω	2.46	6
τε	4463	4465	d	τε	2.46	7
πρὸς	4466	4470	d	πρός	2.46	7
ἑαυτὴν	4471	4477	p	ἑαυτοῦ	2.46	7
ἀεὶ	4478	4481	d	ἀεί	2.46	7
καὶ	4482	4485	d	καί	2.46	7
ἀλλοιουμένην	4486	4498	v	ἀλλοιόω	2.46	7
πρὸς	4499	4503	d	πρός	2.46	7
τῶν	4504	4507	p	ὁ	2.46	7
ἑαυτῆς	4508	4514	p	ἑαυτοῦ	2.46	7
μορίων	4583	4589	a	μόριον	2.46	8
εἰς	4590	4593	v	εἰς	2.46	8
ἄλληλα	4594	4600	p	ἀλλήλων	2.46	8
δρώντων	4601	4608	v	δράω	2.46	8
τε	4609	4611	d	τε	2.46	8
καὶ	4612	4615	c	καί	2.46	8
πασχόντων	4616	4625	v	πάσχω	2.46	8
.	4625	4626	u	.	2.46	8
εἰ	4627	4629	c	εἰ	2.46	8
γὰρ	4630	4633	d	γάρ	2.46	8
ταῦθ	4702	4706	p	οὗτος	2.46	9
οὕτως	4708	4713	d	οὕτως	2.46	9
ὑπέθετο	4714	4721	v	ὑποτίθημι	2.46	9
χαλεπὸν	4723	4730	a	χαλεπός	2.46	9
οὐδὲν	4731	4736	p	οὐδείς	2.46	9
ἦν	4737	4739	v	εἰμί	2.46	9
τὴν	4740	4743	p	ὁ	2.46	9
τεχνικὴν	4744	4752	a	τεχνικός	2.46	9
ἐκείνην	4823	4830	a	ἐκεῖνος	2.46	10
φύσιν	4831	4836	n	φύσις	2.46	10
ὁμολογῆσαι	4837	4847	v	ὁμολογέω	2.46	10
δυνάμεις	4848	4856	n	δύναμις	2.46	10
ἔχειν	4857	4862	v	ἔχω	2.46	10
ἐπισπαστικὰς	4864	4876	a	ἐπισπαστικός	2.46	10
μὲν	4877	4880	d	μέν	2.46	10
τῶν	4951	4954	l	ὁ	2.46	11
οἰκείων	4955	4962	a	οἰκεῖος	2.46	11
ἀποκριτικὰς	4964	4975	a	ἀποκριτικός	2.46	11
δὲ	4976	4978	d	δέ	2.46	11
τῶν	4979	4982	l	ὁ	2.46	11
ἀλλοτρίων	4983	4992	a	ἀλλότριος	2.46	11
.	4992	4993	u	.	2.46	11
οὐ	4994	4996	d	οὐ	2.46	11
γὰρ	4997	5000	d	γάρ	2.46	11
δὴ	5001	5003	d	δή	2.46	11
ἄλλο	5074	5078	p	ἄλλος	2.46	12
τί	5079	5081	p	τίς	2.46	12
γε	5082	5084	d	γε	2.46	12
ἦν	5085	5087	v	εἰμί	2.46	12
αὐτῇ	5088	5092	p	αὐτός	2.46	12
τὸ	5093	5095	l	ὁ	2.46	12
τεχνικῇ	5096	5103	a	τεχνικός	2.46	12
τε	5104	5106	d	τε	2.46	12
εἶναι	5107	5112	v	εἰμί	2.46	12
καὶ	5114	5117	d	καί	2.46	12
τοῦ	5118	5121	l	ὁ	2.46	12
ζώου	5122	5126	a	ζώον	2.46	12
διασωστικῇ	5197	5207	a	διασωστικός	2.46	13
καὶ	5209	5212	d	καί	2.46	13
τῶν	5213	5216	l	ὁ	2.46	13
νοσημάτων	5217	5226	a	νόσημα	2.46	13
κριτικῇ	5227	5234	a	κριτικός	2.46	13
παρὰ	5236	5240	d	παρά	2.46	13
τὸ	5241	5243	l	ὁ	2.46	13
προσίεσθαι	5244	5254	v	προσίημι	2.46	13
μὲν	5325	5328	d	μέν	2.46	14
καὶ	5329	5332	d	καί	2.46	14
φυλάττειν	5333	5342	v	φυλάσσω	2.46	14
τὸ	5343	5345	l	ὁ	2.46	14
οἰκεῖον	5346	5353	a	οἰκεῖος	2.46	14
ἀποκρίνειν	5355	5365	v	ἀποκρίνω	2.46	14
δὲ	5366	5368	d	δέ	2.46	14
τὸ	5369	5371	l	ὁ	2.46	14
ἀλλότριον	5442	5451	a	ἀλλότριος	2.46	15
.	5451	5452	u	.	2.46	15
ἀλλ	5453	5456	d	ἀλλά	2.46	15
Ἀσκληπιάδης	5458	5469	n	Ἀσκληπιάδης	2.46	15
κᾀνταῦθα	5470	5478	d	εἰνταῦθα	2.46	15
τὸ	5479	5481	l	ὁ	2.46	15
μὲν	5482	5485	d	μέν	2.46	15
ἀκόλουθον	5486	5495	a	ἀκόλουθος	2.46	15
ταῖς	5566	5570	p	ὁ	2.46	16
ἀρχαῖς	5571	5577	n	ἀρχή	2.46	16
αἷς	5578	5581	p	ὅς	2.46	16
ὑπέθετο	5582	5589	v	ὑποτίθημι	2.46	16
σύνοιδεν	5590	5598	v	σύνοιδα	2.46	16
οὐ	5600	5602	d	οὐ	2.46	16
μὴν	5603	5606	d	μήν	2.46	16
τήν	5607	5610	d	ὁ	2.46	16
γε	5611	5613	d	γε	2.46	16
πρὸς	5684	5688	d	πρός	2.46	17
τὸ	5689	5691	l	ὁ	2.46	17
φαινόμενον	5692	5702	v	φαίνω	2.46	17
ἐναργῶς	5703	5710	d	ἐναργής	2.46	17
ᾐδέσθη	5711	5717	v	οἰδέω	2.46	17
μάχην	5718	5723	d	μάχη	2.46	17
ἀλλ	5725	5728	d	ἀλλά	2.46	17
ὁμόσε	5730	5735	d	ὁμόσε	2.46	17
χωρεῖ	5857	5862	v	χωρέω	2.47	1
καὶ	5863	5866	d	καί	2.47	1
περὶ	5867	5871	d	περί	2.47	1
τούτου	5872	5878	d	οὗτος	2.47	1
πᾶσιν	5879	5884	a	πᾶς	2.47	1
οὐκ	5885	5888	d	οὐ	2.47	1
ἰατροῖς	5889	5896	n	ἰατρός	2.47	1
μόνον	5897	5902	d	μόνος	2.47	1
ἀλλ	5904	5907	d	ἀλλά	2.47	1
ἤδη	5977	5980	d	ἤδη	2.47	2
καὶ	5981	5984	d	καί	2.47	2
τοῖς	5985	5989	d	ὁ	2.47	2
ἄλλοις	5990	5996	a	ἄλλος	2.47	2
ἀνθρώποις	5997	6006	n	ἄνθρωπος	2.47	2
οὔτε	6008	6012	d	οὔτε	2.47	2
κρίσιν	6013	6019	n	κρίσις	2.47	2
εἶναί	6020	6025	v	εἰμί	2.47	2
τινα	6026	6030	a	τις	2.47	2
λέγων	6031	6036	v	λέγω	2.47	2
οὔθ	6106	6109	d	οὔτε	2.47	3
ἡμέραν	6111	6117	n	ἡμέρα	2.47	3
κρίσιμον	6118	6126	a	κρίσιμος	2.47	3
οὔθ	6128	6131	d	οὔτε	2.47	3
ὅλως	6133	6137	d	ὅλος	2.47	3
ἐπὶ	6138	6141	n	ἐπί	2.47	3
σωτηρίᾳ	6142	6149	n	σωτηρία	2.47	3
ζώου	6150	6154	n	ζώον	2.47	3
πραγματεύεσθαι	6223	6237	v	πραγματεύω	2.47	4
τὴν	6238	6241	l	ὁ	2.47	4
φύσιν	6242	6247	n	φύσις	2.47	4
.	6247	6248	u	.	2.47	4
ἀεὶ	6249	6252	d	ἀεί	2.47	4
γὰρ	6253	6256	d	γάρ	2.47	4
τὸ	6257	6259	l	ὁ	2.47	4
μὲν	6260	6263	d	μέν	2.47	4
ἀκόλουθον	6264	6273	a	ἀκόλουθος	2.47	4
φυλάττειν	6342	6351	v	φυλάσσω	2.47	5
βούλεται	6352	6360	v	βούλομαι	2.47	5
τὸ	6362	6364	l	ὁ	2.47	5
δ	6365	6366	v	δέ	2.47	5
ἐναργῶς	6368	6375	d	ἐναργής	2.47	5
φαινόμενον	6376	6386	v	φαίνω	2.47	5
ἀνατρέπειν	6387	6397	v	ἀνατρέπω	2.47	5
ἔμπαλιν	6467	6474	d	ἔμπαλιν	2.47	6
Ἐπικούρῳ	6475	6483	n	Ἐπίκουρος	2.47	6
.	6483	6484	u	.	2.47	6
τιθεὶς	6485	6491	v	τίθημι	2.47	6
γὰρ	6492	6495	d	γάρ	2.47	6
ἐκεῖνος	6496	6503	p	ἐκεῖνος	2.47	6
ἀεὶ	6504	6507	d	ἀεί	2.47	6
τὸ	6508	6510	p	ὁ	2.47	6
φαινόμενον	6511	6521	v	φαίνω	2.47	6
αἰτίαν	6591	6597	a	αἰτία	2.47	7
αὐτοῦ	6598	6603	p	αὐτός	2.47	7
ψυχρὰν	6604	6610	a	ψυχρός	2.47	7
ἀποδίδωσι	6611	6620	v	ἀποδίδωμι	2.47	7
.	6620	6621	u	.	2.47	7
τὰ	6622	6624	l	ὁ	2.47	7
γὰρ	6625	6628	d	γάρ	2.47	7
ἀποπαλλόμενα	6629	6641	v	ἀποπάλλω	2.47	7
σμικρὰ	6710	6716	a	μικρός	2.47	8
σώματα	6717	6723	n	σῶμα	2.47	8
τῆς	6724	6727	l	ὁ	2.47	8
ἡρακλείας	6728	6737	n	ἡράκλεια	2.47	8
λίθου	6738	6743	n	λίθος	2.47	8
τοιούτοις	6744	6753	a	τοιοῦτος	2.47	8
ἑτέροις	6754	6761	a	ἕτερος	2.47	8
περιπλέκεσθαι	6762	6775	v	περιπλέκω	2.47	8
μορίοις	6844	6851	n	μόριον	2.47	9
τοῦ	6852	6855	p	ὁ	2.47	9
σιδήρου	6856	6863	n	σίδηρος	2.47	9
κᾄπειτα	6865	6872	d	ἔοιπις	2.47	9
διὰ	6873	6876	n	διά	2.47	9
τῆς	6877	6880	p	ὁ	2.47	9
περιπλοκῆς	6881	6891	n	περιπλοκή	2.47	9
ταύτης	6962	6968	a	οὗτος	2.47	10
καὶ	6970	6973	d	καί	2.47	10
μηδαμοῦ	6974	6981	d	μηδαμός	2.47	10
φαινομένης	6982	6992	v	φαίνω	2.47	10
ἐπισπᾶσθαι	6994	7004	v	ἐπισπάω	2.47	10
βαρεῖαν	7005	7012	a	βαρύς	2.47	10
οὕτως	7083	7088	d	οὕτως	2.47	11
οὐσίαν	7089	7095	d	οὐσία	2.47	11
οὐκ	7097	7100	d	οὐ	2.47	11
οἶδ	7101	7104	d	οἶδα	2.47	11
ὅπως	7106	7110	d	ὅπως	2.47	11
ἄν	7111	7113	d	ἄν1	2.47	11
τις	7114	7117	p	τις	2.47	11
πεισθείη	7118	7126	v	πείθω	2.47	11
.	7126	7127	u	.	2.47	11
καὶ	7128	7131	d	καί	2.47	11
γὰρ	7132	7135	d	γάρ	2.47	11
εἰ	7137	7139	c	εἰ	2.47	11
τοῦτο	7210	7215	p	οὗτος	2.47	12
συγχωρήσαιμεν	7216	7229	v	συγχωρέω	2.47	12
τό	7231	7233	l	ὁ	2.47	12
γε	7234	7236	d	γε	2.47	12
τῷ	7237	7239	l	ὁ	2.47	12
σιδήρῳ	7240	7246	a	σίδηρος	2.47	12
πάλιν	7247	7252	d	πάλιν	2.47	12
ἕτερα	7253	7258	a	ἕτερος	2.47	12
προστιθέντι	7259	7270	v	προστίθημι	2.47	12
συνάπτεσθαι	7341	7352	v	συνάπτω	2.47	13
τὴν	7353	7356	p	ὁ	2.47	13
αὐτὴν	7357	7362	p	αὐτός	2.47	13
αἰτίαν	7363	7369	a	αἰτία	2.47	13
οὐκέτι	7370	7376	d	οὐκέτι	2.47	13
προσίεται	7377	7386	v	προσίημι	2.47	13
.	7386	7387	u	.	2.47	13
τί	7458	7460	p	τίς	2.47	14
γὰρ	7461	7464	d	γάρ	2.47	14
ἐροῦμεν	7465	7472	v	ἐρέω	2.47	14
ἢ	7474	7475	d	ἤ	2.47	14
δηλαδὴ	7476	7482	d	δηλαδή	2.47	14
τῶν	7483	7486	l	ὁ	2.47	14
ἀποῤῥεόντων	7487	7498	v	ἀπορρέω	2.47	14
τῆς	7499	7502	l	ὁ	2.47	14
λίθου	7503	7508	n	λίθος	2.47	14
μορίων	7579	7585	n	μόριον	2.47	15
ἔνια	7586	7590	a	ἔνιοι	2.47	15
μὲν	7591	7594	d	μέν	2.47	15
προσκρούσαντα	7595	7608	v	προσκρούω	2.47	15
τῷ	7609	7611	p	ὁ	2.47	15
σιδήρῳ	7612	7618	v	σίδηρος	2.47	15
πάλιν	7619	7624	d	πάλιν	2.47	15
ἀποπάλλεσθαι	7625	7637	v	ἀποπάλλω	2.47	15
καὶ	7709	7712	d	καί	2.47	16
ταῦτα	7713	7718	p	οὗτος	2.47	16
μὲν	7719	7722	d	μέν	2.47	16
εἶναι	7723	7728	v	εἰμί	2.47	16
δι	7730	7732	v	διά	2.47	16
ὧν	7734	7736	p	ὅς	2.47	16
κρέμασθαι	7737	7746	v	κρεμάω	2.47	16
συμβαίνει	7747	7756	v	συμβαίνω	2.47	16
τὸν	7827	7830	p	ὁ	2.47	17
σίδηρον	7831	7838	v	σίδηρος	2.47	17
τὰ	7840	7842	p	ὁ	2.47	17
δ	7843	7844	v	δέ	2.47	17
εἰς	7846	7849	v	εἰς	2.47	17
αὐτὸν	7850	7855	a	αὐτός	2.47	17
εἰσδυόμενα	7856	7866	v	εἰσδύομαι	2.47	17
διὰ	7867	7870	n	διά	2.47	17
τῶν	7871	7874	l	ὁ	2.47	17
κενῶν	7996	8001	a	κενός	2.48	1
πόρων	8002	8007	v	πόρος	2.48	1
διέρχεσθαι	8008	8018	v	διέρχομαι	2.48	1
τάχιστα	8019	8026	a	ταχύς	2.48	1
κᾄπειτα	8028	8035	d	αἴπειτος	2.48	1
τῷ	8036	8038	p	ὁ	2.48	1
παρακειμένῳ	8039	8050	v	παράκειμαι	2.48	1
σιδήρῳ	8119	8125	v	σίδηρος	2.48	2
προσκρούοντα	8217	8229	v	προσκρούω	2.48	2
μήτ	8231	8234	d	μήτε	2.48	2
ἐκεῖνον	8236	8243	a	ἐκεῖνος	2.48	2
διαδῦναι	8244	8252	v	διαδύνω	2.48	2
δύνασθαι	8253	8261	v	δύναμαι	2.48	2
καὶ	8331	8334	d	καί	2.48	3
τόν	8335	8338	a	ὁ	2.48	3
γε	8339	8341	v	γέν	2.48	3
πρῶτον	8342	8348	a	πρῶτος	2.48	3
διαδύντα	8349	8357	v	διαδύνω	2.48	3
παλινδρομοῦντα	8359	8373	v	παλινδρομέω	2.48	3
δ	8374	8375	v	δέ	2.48	3
αὖθις	8377	8382	d	αὖθις	2.48	3
ἐπὶ	8451	8454	d	ἐπί	2.48	4
τὸν	8455	8458	a	ὁ	2.48	4
πρότερον	8459	8467	a	πρότερος	2.48	4
ἑτέρας	8468	8474	a	ἕτερος	2.48	4
αὖθις	8475	8480	d	αὖθις	2.48	4
ἐργάζεσθαι	8481	8491	v	ἐργάζομαι	2.48	4
ταῖς	8492	8496	a	ὁ	2.48	4
προτέραις	8497	8506	a	πρότερος	2.48	4
ὁμοίας	8575	8581	a	ὅμοιος	2.48	5
περιπλοκάς	8582	8592	a	περιπλοκή	2.48	5
ἐναργῶς	8594	8601	d	ἐναργής	2.48	5
γὰρ	8602	8605	d	γάρ	2.48	5
ἐνταῦθα	8606	8613	d	ἐνταῦθα	2.48	5
τὸ	8614	8616	l	ὁ	2.48	5
ληρῶδες	8617	8624	a	ληρώδης	2.48	5
τῆς	8625	8628	l	ὁ	2.48	5
αἰτίας	8697	8703	a	αἰτία	2.48	6
ἐλέγχεται	8704	8713	v	ἐλέγχω	2.48	6
.	8713	8714	u	.	2.48	6
γραφεῖα	8715	8722	a	γραφεῖον	2.48	6
γοῦν	8723	8727	d	γοῦν	2.48	6
οἶδά	8728	8732	v	οἶδα	2.48	6
ποτε	8733	8737	d	ποτέ	2.48	6
σιδηρᾶ	8738	8744	a	σιδήρεος	2.48	6
πέντε	8745	8750	a	πέντε	2.48	6
κατὰ	8819	8823	d	κατά	2.48	7
τὸ	8824	8826	p	ὁ	2.48	7
συνεχὲς	8827	8834	a	συνεχής	2.48	7
ἀλλήλοις	8835	8843	p	ἀλλήλων	2.48	7
συναφθέντα	8844	8854	v	συνάπτω	2.48	7
τοῦ	8856	8859	p	ὁ	2.48	7
πρώτου	8860	8866	a	πρῶτος	2.48	7
μὲν	8867	8870	a	μέν	2.48	7
μόνου	8939	8944	a	μόνος	2.48	8
τῆς	8945	8948	p	ὁ	2.48	8
λίθου	8949	8954	n	λίθος	2.48	8
ψαύσαντος	8955	8964	v	ψαύω	2.48	8
ἐξ	8966	8968	r	ἐκ	2.48	8
ἐκείνου	8969	8976	p	ἐκεῖνος	2.48	8
δ	8977	8978	p	δέ	2.48	8
εἰς	8980	8983	v	εἰς	2.48	8
τἄλλα	8984	8989	p	ἄλλος	2.48	8
τῆς	8990	8993	p	ὁ	2.48	8
δυνάμεως	9062	9070	n	δύναμις	2.48	9
διαδοθείσης	9071	9082	v	διαδίδωμι	2.48	9
.	9082	9083	u	.	2.48	9
καὶ	9084	9087	c	καί	2.48	9
οὐκ	9088	9091	d	οὐ	2.48	9
ἔστιν	9092	9097	v	εἰμί	2.48	9
εἰπεῖν	9098	9104	v	εἶπον	2.48	9
ὡς	9106	9108	d	ὡς	2.48	9
εἰ	9110	9112	c	εἰ	2.48	9
μὲν	9113	9116	d	μέν	2.48	9
τῷ	9117	9119	d	ὁ	2.48	9
κάτω	9190	9194	d	κάτω	2.48	10
τοῦ	9195	9198	l	ὁ	2.48	10
γραφείου	9199	9207	v	γραφεῖον	2.48	10
πέρατι	9208	9214	n	πέρας	2.48	10
προσάγοις	9215	9224	v	προσάγος	2.48	10
ἕτερον	9225	9231	a	ἕτερος	2.48	10
ἔχεταί	9233	9239	v	ἔχω	2.48	10
τε	9240	9242	d	τε	2.48	10
καὶ	9243	9246	d	καί	2.48	10
συνάπτεται	9317	9327	v	συνάπτω	2.48	11
καὶ	9328	9331	c	καί	2.48	11
κρέμαται	9332	9340	v	κρέμα	2.48	11
τὸ	9341	9343	l	ὁ	2.48	11
προσενεχθέν	9344	9355	v	προσφέρω	2.48	11
εἰ	9357	9359	v	εἰ	2.48	11
δ	9360	9361	v	δέ	2.48	11
ἄλλῳ	9363	9367	a	ἄλλος	2.48	11
τινὶ	9368	9372	a	τις	2.48	11
μέρει	9443	9448	n	μέρος	2.48	12
τῶν	9449	9452	l	ὁ	2.48	12
πλαγίων	9453	9460	v	πλάγος	2.48	12
προσθείης	9461	9470	v	προστίθημι	2.48	12
οὐ	9472	9474	d	οὐ	2.48	12
συνάπτεται	9475	9485	v	συνάπτω	2.48	12
.	9485	9486	u	.	2.48	12
πάντη	9487	9492	d	πάντῃ	2.48	12
γὰρ	9493	9496	d	γάρ	2.48	12
ὁμοίως	9567	9573	d	ὅμοιος	2.48	13
ἡ	9574	9575	d	ὁ	2.48	13
τῆς	9576	9579	l	ὁ	2.48	13
λίθου	9580	9585	n	λίθος	2.48	13
διαδίδοται	9586	9596	v	διαδίδωμι	2.48	13
δύναμις	9597	9604	n	δύναμις	2.48	13
εἰ	9606	9608	v	εἰ	2.48	13
μόνον	9609	9614	a	μόνος	2.48	13
ἅψαιτο	9615	9621	v	ἅπτω	2.48	13
κατά	9692	9696	d	κατά	2.48	14
τι	9697	9699	p	τις	2.48	14
τοῦ	9700	9703	a	ὁ	2.48	14
πρώτου	9704	9710	a	πρῶτος	2.48	14
γραφείου	9711	9719	a	γραφεῖον	2.48	14
.	9719	9720	u	.	2.48	14
καὶ	9721	9724	d	καί	2.48	14
μέντοι	9725	9731	d	μέντοι	2.48	14
κᾀκ	9732	9735	d	ἐκ	2.48	14
τούτου	9736	9742	a	οὗτος	2.48	14
πάλιν	9743	9748	d	πάλιν	2.48	14
εἰς	9819	9822	r	εἰς	2.48	15
τὸ	9823	9825	d	ὁ	2.48	15
δεύτερον	9826	9834	a	δεύτερος	2.48	15
ὅλον	9835	9839	a	ὅλος	2.48	15
ἡ	9840	9841	p	ὁ	2.48	15
δύναμις	9842	9849	n	δύναμις	2.48	15
ἅμα	9850	9853	d	ἅμα	2.48	15
νοήματι	9854	9861	a	νόημα	2.48	15
διαῤῥεῖ	9862	9869	a	διαρρέω	2.48	15
κᾀξ	9941	9944	d	εἰκός	2.48	16
ἐκείνου	9945	9952	a	ἐκεῖνος	2.48	16
πάλιν	9953	9958	d	πάλιν	2.48	16
εἰς	9959	9962	r	εἰς	2.48	16
τὸ	9963	9965	p	ὁ	2.48	16
τρίτον	9966	9972	a	τρίτος	2.48	16
ὅλον	9973	9977	a	ὅλος	2.48	16
.	9977	9978	u	.	2.48	16
εἰ	9979	9981	c	εἰ	2.48	16
δὴ	9982	9984	d	δή	2.48	16
νοήσαις	9985	9992	v	νοέω	2.48	16
μικράν	10063	10069	a	μικρός	2.48	17
τινα	10070	10074	a	τις	2.48	17
λίθον	10075	10080	n	λίθος	2.48	17
ἡρακλείαν	10081	10090	a	ἡρακλεία	2.48	17
ἐν	10091	10093	d	ἐν	2.48	17
οἴκῳ	10094	10098	n	οἶκος	2.48	17
τινὶ	10099	10103	a	τις	2.48	17
κρεμαμένην	10104	10114	v	κρεμάω	2.48	17
εἴτ	10186	10189	d	εἴτε	2.48	18
ἐν	10191	10193	d	ἐν	2.48	18
κύκλῳ	10194	10199	n	κύκλος	2.48	18
πάμπολλα	10200	10208	a	παμπολύς	2.48	18
ψαύοντα	10209	10216	v	ψαύω	2.48	18
σιδήρια	10217	10224	a	σιδήριον	2.48	18
κᾀκείνων	10226	10234	a	εἰκείνω	2.48	18
πάλιν	10235	10240	d	πάλιν	2.48	18
ἕτερα	10311	10316	a	ἕτερος	2.48	19
κᾀκείνων	10318	10326	a	εἰκείνων	2.48	19
ἄλλα	10327	10331	a	ἄλλος	2.48	19
καὶ	10333	10336	d	καί	2.48	19
τοῦτ	10337	10341	a	οὗτος	2.48	19
ἄχρι	10343	10347	a	ἄχρι	2.48	19
πλείονος	10348	10356	a	πλείων	2.48	19
ἅπαντα	10358	10364	a	ἅπας	2.48	19
δήπου	10486	10491	d	δήπου	2.49	1
πίμπλασθαι	10492	10502	v	πίμπλημι	2.49	1
χρὴ	10503	10506	v	χρή	2.49	1
τὰ	10507	10509	l	ὁ	2.49	1
σιδήρια	10510	10517	n	σιδήριον	2.49	1
τῶν	10518	10521	l	ὁ	2.49	1
ἀποῤῥεόντων	10522	10533	v	ἀπορρέω	2.49	1
τῆς	10534	10537	l	ὁ	2.49	1
λίθου	10606	10611	n	λίθος	2.49	2
σωμάτων	10612	10619	n	σῶμα	2.49	2
.	10619	10620	u	.	2.49	2
καὶ	10621	10624	c	καί	2.49	2
κινδυνεύει	10625	10635	v	κινδυνεύω	2.49	2
διαφορηθῆναι	10636	10648	v	διαφορέω	2.49	2
τὸ	10649	10651	l	ὁ	2.49	2
σμικρὸν	10652	10659	a	μικρός	2.49	2
ἐκεῖνο	10728	10734	a	ἐκεῖνος	2.49	3
λιθίδιον	10735	10743	a	λιθίδιον	2.49	3
εἰς	10745	10748	v	εἰς	2.49	3
τὰς	10749	10752	l	ὁ	2.49	3
ἀποῤῥοὰς	10753	10761	a	ἀπορρορρόα	2.49	3
διαλυθέν	10762	10770	v	διαλύω	2.49	3
.	10770	10771	u	.	2.49	3
καίτοι	10772	10778	d	καίτοι	2.49	3
κᾂν	10780	10783	v	καίν	2.49	3
εἰ	10852	10854	c	εἰ	2.49	4
μηδὲν	10855	10860	p	μηδείς	2.49	4
παρακέοιτο	10861	10871	v	παράκειμαι	2.49	4
αὐτῷ	10872	10876	p	αὐτός	2.49	4
σιδήριον	10877	10885	a	σιδήριον	2.49	4
εἰς	10887	10890	v	εἰς	2.49	4
τὸν	10891	10894	l	ὁ	2.49	4
ἀέρα	10895	10899	n	ἀήρ	2.49	4
σκεδάννυται	10900	10911	v	σκεδάννυμι	2.49	4
μάλιστ	10982	10988	d	μάλιστα	2.49	5
εἰ	10990	10992	c	εἰ	2.49	5
καὶ	10993	10996	d	καί	2.49	5
θερμὸς	10997	11003	a	θερμός	2.49	5
ὑπάρχῃ	11004	11010	v	ὑπάρχω	2.49	5
.	11010	11011	u	.	2.49	5
ναὶ	11012	11015	d	ναί	2.49	5
φησὶ	11017	11021	v	φημί	2.49	5
σμικρὰ	11114	11120	a	μικρός	2.49	5
γὰρ	11189	11192	d	γάρ	2.49	6
αὐτὰ	11193	11197	p	αὐτός	2.49	6
χρὴ	11198	11201	v	χρή	2.49	6
πάνυ	11202	11206	d	πάνυ	2.49	6
νοεῖν	11207	11212	v	νοέω	2.49	6
ὥστε	11214	11218	d	ὥστε	2.49	6
τῶν	11219	11222	p	ὁ	2.49	6
ἐμφερομένων	11223	11234	v	ἐμφέρω	2.49	6
τῷ	11235	11237	p	ὁ	2.49	6
ἀέρι	11238	11242	n	ἀήρ	2.49	6
ψηγμάτων	11311	11319	n	ψῆγμα	2.49	7
τούτων	11320	11326	p	οὗτος	2.49	7
δὴ	11327	11329	d	δή	2.49	7
τῶν	11330	11333	p	ὁ	2.49	7
σμικροτάτων	11334	11345	a	μικρός	2.49	7
ἐκείνων	11346	11353	a	ἐκεῖνος	2.49	7
ἔνια	11354	11358	a	ἔνιοι	2.49	7
μυριοστὸν	11359	11368	a	μυριοστός	2.49	7
εἶναι	11437	11442	v	εἰμί	2.49	8
μέρος	11443	11448	n	μέρος	2.49	8
.	11448	11449	u	.	2.49	8
εἶτ	11450	11453	v	εἶτα	2.49	8
ἐξ	11455	11457	d	ἐκ	2.49	8
οὕτω	11458	11462	d	οὕτως	2.49	8
σμικρῶν	11463	11470	a	μικρός	2.49	8
τολμᾶτε	11471	11478	v	τολμάω	2.49	8
λέγειν	11479	11485	v	λέγω	2.49	8
κρεμάννυσθαι	11554	11566	v	κρεμάννυμι	2.49	9
βάρη	11567	11571	v	βάρος	2.49	9
τηλικαῦτα	11572	11581	a	τηλικοῦτος	2.49	9
σιδήρου	11582	11589	n	σίδηρος	2.49	9
εἰ	11591	11593	v	εἰ	2.49	9
γὰρ	11594	11597	a	γάρ	2.49	9
ἕκαστον	11598	11605	a	ἕκαστος	2.49	9
αὐτῶν	11606	11611	a	αὐτός	2.49	9
μυριοστόν	11682	11691	a	μυριοστός	2.49	10
ἐστι	11692	11696	v	εἰμί	2.49	10
μέρος	11697	11702	n	μέρος	2.49	10
τῶν	11703	11706	a	ὁ	2.49	10
ἐν	11707	11709	d	ἐν	2.49	10
τῷ	11710	11712	a	ὁ	2.49	10
ἀέρι	11713	11717	n	ἀήρ	2.49	10
φερομένων	11718	11727	v	φέρω	2.49	10
ψηγμάτων	11728	11736	n	ψῆγμα	2.49	10
πηλίκον	11808	11815	n	πηλίκος	2.49	11
χρὴ	11816	11819	v	χρή	2.49	11
νοῆσαι	11820	11826	v	νοέω	2.49	11
τὸ	11827	11829	p	ὁ	2.49	11
πέρας	11830	11835	n	πέρας	2.49	11
αὐτῶν	11836	11841	p	αὐτός	2.49	11
τὸ	11842	11844	p	ὁ	2.49	11
ἀγκιστρῶδες	11845	11856	a	ἀγκιστρώδης	2.49	11
ᾧ	11928	11929	p	ὅς	2.49	12
περιπλέκεται	11930	11942	v	περιπλέκω	2.49	12
πρὸς	11943	11947	d	πρός	2.49	12
ἄλληλα	11948	11954	a	ἀλλήλων	2.49	12
πάντως	11956	11962	d	πάντως	2.49	12
γὰρ	11963	11966	d	γάρ	2.49	12
δή	11967	11969	d	δή	2.49	12
που	11970	11973	d	πού	2.49	12
τοῦτο	12044	12049	p	οὗτος	2.49	13
σμικρότατόν	12050	12061	a	μικρός	2.49	13
ἐστιν	12062	12067	v	εἰμί	2.49	13
ὅλου	12068	12072	a	ὅλος	2.49	13
τοῦ	12073	12076	p	ὁ	2.49	13
ψήγματος	12077	12085	n	ψῆγμα	2.49	13
.	12085	12086	u	.	2.49	13
εἶτα	12087	12091	d	εἶτα	2.49	13
μικρὸν	12092	12098	a	μικρός	2.49	13
μικρῷ	12169	12174	a	μικρός	2.49	14
κινούμενον	12176	12186	v	κινέω	2.49	14
κινουμένῳ	12187	12196	v	κινέω	2.49	14
περιπλακὲν	12197	12207	v	περιπλέκω	2.49	14
οὐκ	12209	12212	d	οὐ	2.49	14
εὐθὺς	12213	12218	d	εὐθύς	2.49	14
ἀποπάλλεται	12219	12230	v	ἀποπάλλω	2.49	14
.	12230	12231	u	.	2.49	14
καὶ	12302	12305	d	καί	2.49	15
γὰρ	12306	12309	d	γάρ	2.49	15
δὴ	12310	12312	d	δή	2.49	15
καὶ	12313	12316	d	καί	2.49	15
ἄλλα	12317	12321	d	ἄλλος	2.49	15
ἄττα	12322	12326	d	ἄττα	2.49	15
πάντως	12327	12333	d	πάντως	2.49	15
αὐτοῖς	12334	12340	d	αὐτός	2.49	15
τὰ	12342	12344	d	ὁ	2.49	15
μὲν	12415	12418	d	μέν	2.49	16
κάτωθεν	12419	12426	d	κάτωθεν	2.49	16
τὰ	12428	12430	l	ὁ	2.49	16
δ	12431	12432	d	δ	2.49	16
ἄνωθεν	12434	12440	d	ἄνωθεν	2.49	16
καὶ	12442	12445	d	καί	2.49	16
τὰ	12446	12448	l	ὁ	2.49	16
μὲν	12449	12452	d	μέν	2.49	16
ἔμπροσθεν	12453	12462	d	ἔμπροσθεν	2.49	16
τὰ	12464	12466	l	ὁ	2.49	16
δ	12537	12538	d	δ	2.49	17
ὄπισθεν	12540	12547	d	ὄπισθεν	2.49	17
τὰ	12549	12551	l	ὁ	2.49	17
δ	12552	12553	d	δ	2.49	17
ἐκ	12555	12557	r	ἐκ	2.49	17
τῶν	12558	12561	l	ὁ	2.49	17
δεξιῶν	12562	12568	d	δεξιός	2.49	17
τὰ	12570	12572	l	ὁ	2.49	17
δ	12573	12574	p	δ	2.49	17
ἐκ	12576	12578	r	ἐκ	2.49	17
τῶν	12579	12582	l	ὁ	2.49	17
ἀριστερῶν	12583	12592	v	ἀριστερός	2.49	17
ἐκρηγνύμενα	12714	12725	v	ἐκρήγνυμι	2.50	1
σείει	12727	12732	v	σείω	2.50	1
τε	12733	12735	d	τε	2.50	1
καὶ	12736	12739	d	καί	2.50	1
ταράττει	12740	12748	v	ταράσσω	2.50	1
καὶ	12750	12753	d	καί	2.50	1
μένειν	12754	12760	v	μένω	2.50	1
οὐκ	12761	12764	d	οὐ	2.50	1
ἐᾷ	12765	12767	v	ἐάω	2.50	1
.	12767	12768	u	.	2.50	1
καὶ	12769	12772	c	καί	2.50	1
μέντοι	12841	12847	d	μέντοι	2.50	2
καὶ	12848	12851	d	καί	2.50	2
πολλὰ	12852	12857	a	πολύς	2.50	2
χρὴ	12858	12861	v	χρή	2.50	2
νοεῖν	12862	12867	v	νοέω	2.50	2
ἐξ	12868	12870	d	ἐκ	2.50	2
ἀνάγκης	12871	12878	n	ἀνάγκη	2.50	2
ἕκαστον	12879	12886	a	ἕκαστος	2.50	2
ἐκείνων	12887	12894	a	ἐκεῖνος	2.50	2
τῶν	12963	12966	a	ὁ	2.50	3
μικρῶν	12967	12973	a	μικρός	2.50	3
σωμάτων	12974	12981	n	σῶμα	2.50	3
ἔχειν	12982	12987	v	ἔχω	2.50	3
ἀγκιστρώδη	12988	12998	a	ἀγκιστρώδης	2.50	3
πέρατα	12999	13005	n	πέρας	2.50	3
.	13005	13006	u	.	2.50	3
δι	13007	13009	d	διά	2.50	3
ἑνὸς	13011	13015	a	εἷς	2.50	3
μὲν	13084	13087	d	μέν	2.50	4
γὰρ	13088	13091	d	γάρ	2.50	4
ἀλλήλοις	13092	13100	p	ἀλλήλων	2.50	4
οὐ	13101	13103	d	οὐ	2.50	4
συνάπτεται	13104	13114	v	συνάπτω	2.50	4
δι	13116	13118	d	διά	2.50	4
ἑτέρου	13120	13126	a	ἕτερος	2.50	4
δ	13127	13128	n	δέ	2.50	4
ἑνὸς	13130	13134	a	εἷς	2.50	4
τοῦ	13135	13138	l	ὁ	2.50	4
μὲν	13207	13210	d	μέν	2.50	5
ὑπερκειμένου	13211	13223	v	ὑπέρκειμαι	2.50	5
τῇ	13224	13226	l	ὁ	2.50	5
λίθῳ	13227	13231	n	λίθος	2.50	5
τοῦ	13233	13236	l	ὁ	2.50	5
δ	13237	13238	n	δέ	2.50	5
ὑποκειμένου	13240	13251	v	ὑπόκειμαι	2.50	5
τῷ	13252	13254	l	ὁ	2.50	5
σιδήρῳ	13255	13261	n	σίδηρος	2.50	5
.	13261	13262	u	.	2.50	5
εἰ	13331	13333	c	εἰ	2.50	6
γὰρ	13334	13337	d	γάρ	2.50	6
ἄνω	13338	13341	d	ἄνω	2.50	6
μὲν	13342	13345	d	μέν	2.50	6
ἐξαφθείη	13346	13354	v	ἐξάπτω	2.50	6
τῆς	13355	13358	d	ὁ	2.50	6
λίθου	13359	13364	n	λίθος	2.50	6
κάτω	13366	13370	d	κάτω	2.50	6
δὲ	13371	13373	d	δέ	2.50	6
τῷ	13374	13376	l	ὁ	2.50	6
σιδήρῳ	13445	13451	n	σίδηρος	2.50	7
μὴ	13452	13454	d	μή	2.50	7
συμπλακείη	13455	13465	v	συμπλάκεια	2.50	7
πλέον	13467	13472	a	πλέος	2.50	7
οὐδέν	13473	13478	p	οὐδείς	2.50	7
.	13478	13479	u	.	2.50	7
ὥστε	13480	13484	d	ὥστε	2.50	7
τοῦ	13485	13488	l	ὁ	2.50	7
μὲν	13489	13492	d	μέν	2.50	7
ὑπερκειμένου	13493	13505	v	ὑπέρκειμαι	2.50	7
τὸ	13574	13576	l	ὁ	2.50	8
ἄνω	13577	13580	d	ἄνω	2.50	8
μέρος	13581	13586	n	μέρος	2.50	8
ἐκκρέμασθαι	13587	13598	v	ἐκκρέμω	2.50	8
χρὴ	13599	13602	v	χρή	2.50	8
τῆς	13603	13606	l	ὁ	2.50	8
λίθου	13607	13612	v	λίθος	2.50	8
τοῦ	13614	13617	l	ὁ	2.50	8
δ	13686	13687	v	δέ	2.50	9
ὑποκειμένου	13689	13700	v	ὑπόκειμαι	2.50	9
τῷ	13701	13703	l	ὁ	2.50	9
κάτω	13704	13708	v	κάτω	2.50	9
πέρατι	13709	13715	n	πέρας	2.50	9
συνῆφθαι	13716	13724	v	συνάπτω	2.50	9
τὸν	13725	13728	l	ὁ	2.50	9
σίδηρον	13729	13736	n	σίδηρος	2.50	9
.	13736	13737	u	.	2.50	9
ἐπεὶ	13808	13812	c	ἐπεί	2.50	10
δὲ	13813	13815	d	δέ	2.50	10
κᾀκ	13816	13819	d	ἐκ	2.50	10
τῶν	13820	13823	l	ὁ	2.50	10
πλαγίων	13824	13831	a	πλάγος	2.50	10
ἀλλήλοις	13832	13840	p	ἀλλήλων	2.50	10
περιπλέκεται	13841	13853	v	περιπλέκω	2.50	10
πάντως	13855	13861	d	πάντως	2.50	10
που	13932	13935	d	πού	2.50	11
κᾀνταῦθα	13936	13944	d	εἰνταῦθα	2.50	11
ἔχει	13945	13949	v	ἔχω	2.50	11
τὰ	13950	13952	l	ὁ	2.50	11
ἄγκιστρα	13953	13961	a	ἄγκιστρον	2.50	11
.	13961	13962	u	.	2.50	11
καὶ	13963	13966	c	καί	2.50	11
μέμνησό	13967	13974	v	μιμνήσκω	2.50	11
μοι	13975	13978	p	ἐγώ	2.50	11
πρὸ	13979	13982	d	πρό	2.50	11
πάντων	14053	14059	a	πᾶς	2.50	12
ὅπως	14061	14065	d	ὅπως	2.50	12
ὄντα	14066	14070	v	εἰμί	2.50	12
σμικρὰ	14071	14077	a	μικρός	2.50	12
τὰς	14078	14081	p	ὁ	2.50	12
τοσαύτας	14082	14090	a	τοσοῦτος	2.50	12
τε	14091	14093	d	τε	2.50	12
καὶ	14094	14097	c	καί	2.50	12
τοιαύτας	14168	14176	a	τοιοῦτος	2.50	13
ἀποφύσεις	14177	14186	v	ἀπόφυσις	2.50	13
ἔχει	14187	14191	v	ἔχω	2.50	13
.	14191	14192	u	.	2.50	13
καὶ	14193	14196	d	καί	2.50	13
τούτου	14197	14203	p	οὗτος	2.50	13
μᾶλλον	14204	14210	d	μᾶλλον	2.50	13
ἔτι	14211	14214	d	ἔτι	2.50	13
δεῖ	14215	14218	v	δεῖ	2.50	13
μεμνῆσθαι	14289	14298	v	μιμνήσκω	2.50	14
ὅπως	14300	14304	d	ὅπως	2.50	14
ἵνα	14306	14309	d	ἵνα	2.50	14
τὸ	14310	14312	l	ὁ	2.50	14
δεύτερον	14313	14321	a	δεύτερος	2.50	14
σιδήριον	14322	14330	a	σιδήριον	2.50	14
συναφθῇ	14331	14338	v	συναφθάνω	2.50	14
τῷ	14339	14341	p	ὁ	2.50	14
πρώτῳ	14412	14417	a	πρῶτος	2.50	15
καὶ	14419	14422	d	καί	2.50	15
τῷ	14423	14425	p	ὁ	2.50	15
δευτέρῳ	14426	14433	a	δεύτερος	2.50	15
τὸ	14434	14436	l	ὁ	2.50	15
τρίτον	14437	14443	a	τρίτος	2.50	15
κᾀκείνῳ	14445	14452	a	εἰκείνον	2.50	15
τὸ	14453	14455	l	ὁ	2.50	15
τέταρτον	14456	14464	a	τέταρτος	2.50	15
ἅμα	14536	14539	d	ἅμα	2.50	16
μὲν	14540	14543	d	μέν	2.50	16
διέρχεσθαι	14544	14554	v	διέρχομαι	2.50	16
χρὴ	14555	14558	v	χρή	2.50	16
τοὺς	14559	14563	p	ὁ	2.50	16
πόρους	14564	14570	n	πόρος	2.50	16
ταυτὶ	14571	14576	p	οὗτος	2.50	16
τὰ	14577	14579	l	ὁ	2.50	16
σμικρὰ	14580	14586	a	μικρός	2.50	16
καὶ	14587	14590	d	καί	2.50	16
ληρώδη	14661	14667	a	ληρώδης	2.50	17
ψήγματα	14668	14675	n	ψῆγμα	2.50	17
ἅμα	14677	14680	d	ἅμα	2.50	17
δ	14681	14682	a	δέ	2.50	17
ἀποπάλλεσθαι	14684	14696	v	ἀποπάλλω	2.50	17
τοῦ	14697	14700	p	ὁ	2.50	17
μετ	14701	14704	p	μετά	2.50	17
αὐτὸ	14706	14710	p	αὐτός	2.50	17
τεταγμένου	14832	14842	v	τάσσω	2.51	1
καίτοι	14844	14850	d	καίτοι	2.51	1
κατὰ	14851	14855	d	κατά	2.51	1
πᾶν	14856	14859	a	πᾶς	2.51	1
ὁμοίου	14860	14866	a	ὅμοιος	2.51	1
τὴν	14867	14870	p	ὁ	2.51	1
φύσιν	14871	14876	n	φύσις	2.51	1
ὑπάρχοντος	14877	14887	v	ὑπάρχω	2.51	1
.	14887	14888	u	.	2.51	1
οὐδὲ	14957	14961	d	οὐδέ	2.51	2
γὰρ	14962	14965	d	γάρ	2.51	2
ἡ	14966	14967	l	ὁ	2.51	2
τοιαύτη	14968	14975	a	τοιοῦτος	2.51	2
πάλιν	14976	14981	d	πάλιν	2.51	2
ὑπόθεσις	14982	14990	n	ὑπόθεσις	2.51	2
ἄτολμος	14991	14998	a	ἄτολμος	2.51	2
ἀλλ	15000	15003	d	ἀλλά	2.51	2
εἰ	15006	15008	a	εἰ	2.51	2
χρὴ	15009	15012	a	χρή	2.51	2
τἀληθὲς	15081	15088	a	ἀληθής	2.51	3
εἰπεῖν	15089	15095	v	εἶπον	2.51	3
μακρῷ	15097	15102	a	μακρός	2.51	3
τῶν	15103	15106	a	ὁ	2.51	3
ἔμπροσθεν	15107	15116	d	ἔμπροσθεν	2.51	3
ἀναισχυντοτέρα	15117	15131	a	ἀναίσχυντος	2.51	3
πέντε	15201	15206	a	πέντε	2.51	4
σιδηρίων	15207	15215	a	σιδήριον	2.51	4
ὁμοίων	15216	15222	a	ὅμοιος	2.51	4
ἀλλήλοις	15223	15231	a	ἀλλήλων	2.51	4
ἐφεξῆς	15232	15238	d	ἐφεξῆς	2.51	4
τεταγμένων	15239	15249	v	τάσσω	2.51	4
διὰ	15251	15254	d	διά	2.51	4
μὲν	15323	15326	d	μέν	2.51	5
τοῦ	15327	15330	p	ὁ	2.51	5
πρώτου	15331	15337	a	πρῶτος	2.51	5
διαδυόμενα	15338	15348	v	διαδύομαι	2.51	5
ῥᾳδίως	15349	15355	d	ῥᾴδιος	2.51	5
τῆς	15356	15359	l	ὁ	2.51	5
λίθου	15360	15365	n	λίθος	2.51	5
τὰ	15366	15368	l	ὁ	2.51	5
μόρια	15369	15374	a	μόριον	2.51	5
κατὰ	15444	15448	d	κατά	2.51	6
δὲ	15449	15451	d	δέ	2.51	6
τὸ	15452	15454	l	ὁ	2.51	6
δεύτερον	15455	15463	a	δεύτερος	2.51	6
ἀποπάλλεσθαι	15464	15476	v	ἀποπάλλω	2.51	6
καὶ	15478	15481	d	καί	2.51	6
μὴ	15482	15484	d	μή	2.51	6
διὰ	15485	15488	r	διά	2.51	6
τούτου	15489	15495	p	οὗτος	2.51	6
κατὰ	15564	15568	r	κατά	2.51	7
τὸν	15569	15572	p	ὁ	2.51	7
αὐτὸν	15573	15578	a	αὐτός	2.51	7
τρόπον	15579	15585	a	τρόπος	2.51	7
ἑτοίμως	15586	15593	d	ἑτοῖμος	2.51	7
διεξέρχεσθαι	15594	15606	v	διεξέρχομαι	2.51	7
.	15606	15607	u	.	2.51	7
καὶ	15608	15611	d	καί	2.51	7
μὴν	15612	15615	d	μήν	2.51	7
ἑκατέρως	15684	15692	d	ἑκάτερος	2.51	8
ἄτοπον	15693	15699	a	ἄτοπος	2.51	8
.	15699	15700	u	.	2.51	8
εἰ	15701	15703	c	εἰ	2.51	8
μὲν	15704	15707	d	μέν	2.51	8
ἀποπάλλεται	15708	15719	v	ἀποπάλλω	2.51	8
πῶς	15721	15724	d	πῶς	2.51	8
εἰς	15725	15728	v	εἰς	2.51	8
τὸ	15729	15731	l	ὁ	2.51	8
τρίτον	15732	15738	d	τρίτος	2.51	8
ὠκέως	15807	15812	d	ὠκέως	2.51	9
διεξέρχεται	15813	15824	v	διεξέρχομαι	2.51	9
εἰ	15826	15828	c	εἰ	2.51	9
δ	15829	15830	d	δέ	2.51	9
οὐκ	15832	15835	d	οὐ	2.51	9
ἀποπάλλεται	15836	15847	v	ἀποπάλλω	2.51	9
πῶς	15849	15852	d	πῶς	2.51	9
κρεμάννυται	15853	15864	v	κρεμάννυμι	2.51	9
τὸ	15935	15937	l	ὁ	2.51	10
δεύτερον	15938	15946	a	δεύτερος	2.51	10
ἐκ	15947	15949	d	ἐκ	2.51	10
τοῦ	15950	15953	p	ὁ	2.51	10
πρώτου	15954	15960	a	πρῶτος	2.51	10
τὴν	15962	15965	l	ὁ	2.51	10
γὰρ	15966	15969	d	γάρ	2.51	10
ἀπόπαλσιν	15970	15979	n	ἀπόπαλσις	2.51	10
αὐτὸς	15980	15985	p	αὐτός	2.51	10
ὑπέθετο	16056	16063	v	ὑποτίθημι	2.51	11
δημιουργὸν	16064	16074	n	δημιουργός	2.51	11
τῆς	16075	16078	l	ὁ	2.51	11
ὁλκῆς	16079	16084	n	ὁλκή	2.51	11
.	16084	16085	u	.	2.51	11
ἀλλ	16086	16089	a	ἀλλά	2.51	11
ὅπερ	16092	16096	p	ὅσπερ	2.51	11
ἔφην	16097	16101	v	φημί	2.51	11
εἰς	16103	16106	v	εἰς	2.51	11
ἀδολεσχίαν	16107	16117	n	ἀδολεσχία	2.51	11
ἀναγκαῖον	16188	16197	a	ἀναγκαῖος	2.51	12
ἐμπίπτειν	16198	16207	v	ἐμπίτνω	2.51	12
ἐπειδάν	16209	16216	a	ἐπειδάν	2.51	12
τις	16217	16220	p	τις	2.51	12
τοιούτοις	16221	16230	a	τοιοῦτος	2.51	12
ἀνδράσι	16231	16238	n	ἀνήρ	2.51	12
διαλέγηται	16309	16319	v	διαλέγω	2.51	13
.	16319	16320	u	.	2.51	13
σύντομον	16321	16329	a	σύντομος	2.51	13
οὖν	16330	16333	d	οὖν	2.51	13
τινα	16334	16338	a	τις	2.51	13
καὶ	16339	16342	d	καί	2.51	13
κεφαλαιώδη	16343	16353	a	κεφαλαιώδης	2.51	13
λόγον	16354	16359	n	λόγος	2.51	13
εἰπὼν	16360	16365	v	εἶπον	2.51	13
ἀπαλλάττεσθαι	16437	16450	v	ἀπαλλάσσω	2.51	14
βούλομαι	16451	16459	v	βούλομαι	2.51	14
.	16459	16460	u	.	2.51	14
τοῖς	16461	16465	l	ὁ	2.51	14
γὰρ	16466	16469	d	γάρ	2.51	14
Ἀσκληπιάδου	16470	16481	n	Ἀσκληπιάδης	2.51	14
γράμμασιν	16552	16561	n	γράμμα	2.51	15
εἴ	16562	16564	d	εἰ	2.51	15
τις	16565	16568	p	τις	2.51	15
ἐπιμελῶς	16569	16577	d	ἐπιμελής	2.51	15
ὁμιλήσειε	16578	16587	v	ὁμιλέω	2.51	15
τήν	16589	16592	l	ὁ	2.51	15
τε	16593	16595	d	τε	2.51	15
πρὸς	16596	16600	d	πρός	2.51	15
τὰς	16601	16604	l	ὁ	2.51	15
ἀρχὰς	16605	16610	n	ἀρχή	2.51	15
ἀκολουθίαν	16681	16691	n	ἀκολουθία	2.51	16
τῶν	16692	16695	l	ὁ	2.51	16
τοιούτων	16696	16704	a	τοιοῦτος	2.51	16
δογμάτων	16705	16713	n	δόγμα	2.51	16
ἀκριβῶς	16714	16721	d	ἀκριβῶς	2.51	16
ἂν	16722	16724	d	ἄν1	2.51	16
ἐκμάθοι	16725	16732	v	ἐκμανθάνω	2.51	16
καὶ	16803	16806	d	καί	2.51	17
τὴν	16807	16810	l	ὁ	2.51	17
πρὸς	16811	16815	d	πρός	2.51	17
τὰ	16816	16818	l	ὁ	2.51	17
φαινόμενα	16819	16828	v	φαίνω	2.51	17
μάχην	16829	16834	n	μάχη	2.51	17
.	16834	16835	u	.	2.51	17
ὁ	16836	16837	l	ὁ	2.51	17
μὲν	16838	16841	d	μέν	2.51	17
οὖν	16842	16845	d	οὖν	2.51	17
Ἐπίκουρος	16916	16925	n	Ἐπίκουρος	2.51	18
τὰ	16927	16929	l	ὁ	2.51	18
φαινόμενα	16930	16939	v	φαίνω	2.51	18
φυλάττειν	16940	16949	v	φυλάσσω	2.51	18
βουλόμενος	16950	16960	v	βούλομαι	2.51	18
ἀσχημονεῖ	16962	16971	v	ἀσχημονέω	2.51	18
φιλοτιμούμενος	17093	17107	v	φιλοτιμέομαι	2.52	1
ἐπιδεικνύειν	17108	17120	v	ἐπιδείκνυμι	2.52	1
αὐτὰ	17121	17125	p	αὐτός	2.52	1
ταῖς	17126	17130	l	ὁ	2.52	1
ἀρχαῖς	17131	17137	v	ἀρχή	2.52	1
ὁμολογοῦντα	17138	17149	v	ὁμολογέω	2.52	1
.	17149	17150	u	.	2.52	1
ὁ	17219	17220	l	ὁ	2.52	2
δ	17221	17222	n	δέ	2.52	2
Ἀσκληπιάδης	17224	17235	n	Ἀσκληπιάδης	2.52	2
τὸ	17236	17238	l	ὁ	2.52	2
μὲν	17239	17242	d	μέν	2.52	2
ἀκόλουθον	17243	17252	a	ἀκόλουθος	2.52	2
ταῖς	17253	17257	l	ὁ	2.52	2
ἀρχαῖς	17258	17264	n	ἀρχή	2.52	2
φυλάττει	17265	17273	v	φυλάσσω	2.52	2
τοῦ	17343	17346	l	ὁ	2.52	3
φαινομένου	17347	17357	v	φαίνω	2.52	3
δ	17358	17359	p	δέ	2.52	3
οὐδὲν	17361	17366	p	οὐδείς	2.52	3
αὐτῷ	17367	17371	p	αὐτός	2.52	3
μέλει	17372	17377	v	μέλω	2.52	3
.	17377	17378	u	.	2.52	3
ὅστις	17379	17384	p	ὅστις	2.52	3
οὖν	17385	17388	d	οὖν	2.52	3
βούλεται	17389	17397	v	βούλομαι	2.52	3
τὴν	17466	17469	l	ὁ	2.52	4
ἀτοπίαν	17470	17477	n	ἀτοπία	2.52	4
ἐξελέγχειν	17478	17488	v	ἐξελέγχω	2.52	4
τῶν	17489	17492	l	ὁ	2.52	4
ὑποθέσεων	17493	17502	n	ὑπόθεσις	2.52	4
εἰ	17504	17506	d	εἰ	2.52	4
μὲν	17507	17510	d	μέν	2.52	4
πρὸς	17511	17515	d	πρός	2.52	4
Ἀσκληπιάδην	17584	17595	n	Ἀσκληπιάδης	2.52	5
ὁ	17596	17597	l	ὁ	2.52	5
λόγος	17598	17603	n	λόγος	2.52	5
αὐτῷ	17604	17608	p	αὐτός	2.52	5
γίγνοιτο	17609	17617	v	γίγνομαι	2.52	5
τῆς	17619	17622	l	ὁ	2.52	5
πρὸς	17623	17627	r	πρός	2.52	5
τὸ	17628	17630	l	ὁ	2.52	5
φαινόμενον	17631	17641	v	φαίνω	2.52	5
ἐπιμιμνησκέτω	17710	17723	v	ἐπιμιμνήσκω	2.52	6
μάχης	17724	17729	n	μάχη	2.52	6
εἰ	17731	17733	d	εἰ	2.52	6
δὲ	17734	17736	d	δέ	2.52	6
πρὸς	17737	17741	r	πρός	2.52	6
Ἐπίκουρον	17742	17751	n	Ἐπίκουρος	2.52	6
τῆς	17753	17756	l	ὁ	2.52	6
πρὸς	17825	17829	r	πρός	2.52	7
τὰς	17830	17833	l	ὁ	2.52	7
ἀρχὰς	17834	17839	n	ἀρχή	2.52	7
διαφωνίας	17840	17849	n	διαφωνία	2.52	7
.	17849	17850	u	.	2.52	7
αἱ	17851	17853	l	ὁ	2.52	7
δ	17854	17855	p	δέ	2.52	7
ἄλλαι	17857	17862	p	ἄλλος	2.52	7
σχεδὸν	17863	17869	d	σχεδόν	2.52	7
αἱρέσεις	17870	17878	n	αἵρεσις	2.52	7
αἱ	17879	17881	p	ὁ	2.52	7
τῶν	17950	17953	l	ὁ	2.52	8
ὁμοίων	17954	17960	a	ὅμοιος	2.52	8
ἀρχῶν	17961	17966	v	ἀρχή	2.52	8
ἐχόμεναι	17967	17975	v	ἔχω	2.52	8
τελέως	17976	17982	d	τέλειος	2.52	8
ἀπέσβησαν	17983	17992	v	ἀποσβέννυμι	2.52	8
αὗται	17994	17999	a	οὗτος	2.52	8
δ	18000	18001	v	δέ	2.52	8
ἔτι	18071	18074	d	ἔτι	2.52	9
μόναι	18075	18080	a	μόνος	2.52	9
διαρκοῦσιν	18081	18091	v	διαρκέω	2.52	9
οὐκ	18092	18095	d	οὐ	2.52	9
ἀγεννῶς	18096	18103	d	ἀγεννής	2.52	9
.	18103	18104	u	.	2.52	9
καίτοι	18105	18111	d	καίτοι	2.52	9
τὰ	18112	18114	l	ὁ	2.52	9
μὲν	18115	18118	d	μέν	2.52	9
Ἀσκληπιάδου	18119	18130	n	Ἀσκληπιάδης	2.52	9
Μηνόδοτος	18201	18210	n	Μηνόδοτος	2.52	10
ὁ	18211	18212	l	ὁ	2.52	10
ἐμπειρικὸς	18213	18223	a	ἐμπειρικός	2.52	10
ἀφύκτως	18224	18231	d	ἄφυκτος	2.52	10
ἐξελέγχει	18232	18241	v	ἐξελέγχω	2.52	10
τήν	18243	18246	l	ὁ	2.52	10
τε	18317	18319	d	τε	2.52	11
πρὸς	18320	18324	d	πρός	2.52	11
τὰ	18325	18327	l	ὁ	2.52	11
φαινόμενα	18328	18337	v	φαίνω	2.52	11
μάχην	18338	18343	n	μάχη	2.52	11
ὑπομιμνήσκων	18344	18356	v	ὑπομιμνήσκω	2.52	11
αὐτὸν	18357	18362	p	αὐτός	2.52	11
καὶ	18363	18366	d	καί	2.52	11
τὴν	18367	18370	l	ὁ	2.52	11
πρὸς	18441	18445	d	πρός	2.52	12
ἄλληλα	18446	18452	a	ἀλλήλων	2.52	12
τὰ	18454	18456	l	ὁ	2.52	12
δ	18457	18458	n	δέ	2.52	12
Ἐπικούρου	18460	18469	n	Ἐπίκουρος	2.52	12
πάλιν	18470	18475	d	πάλιν	2.52	12
ὁ	18476	18477	p	ὁ	2.52	12
Ἀσκληπιάδης	18478	18489	n	Ἀσκληπιάδης	2.52	12
ἐχόμενος	18561	18569	v	ἔχω	2.52	13
ἀεὶ	18570	18573	d	ἀεί	2.52	13
τῆς	18574	18577	p	ὁ	2.52	13
ἀκολουθίας	18578	18588	n	ἀκολουθία	2.52	13
ἧς	18590	18592	p	ὅς	2.52	13
ἐκεῖνος	18593	18600	p	ἐκεῖνος	2.52	13
οὐ	18601	18603	d	οὐ	2.52	13
πάνυ	18604	18608	d	πάνυ	2.52	13
τι	18609	18611	p	τις	2.52	13
φαίνεται	18612	18620	v	φαίνω	2.52	13
φροντίζων	18691	18700	v	φροντίζω	2.52	14
.	18700	18701	u	.	2.52	14
ἀλλ	18793	18796	d	ἀλλά	2.52	14
οἱ	18798	18800	p	ὁ	2.52	14
νῦν	18801	18804	d	νῦν	2.52	14
ἄνθρωποι	18805	18813	n	ἄνθρωπος	2.52	14
πρὶν	18815	18819	d	πρίν	2.52	14
καὶ	18820	18823	d	καί	2.52	14
ταύτας	18894	18900	a	οὗτος	2.52	15
ἐκμαθεῖν	18901	18909	v	ἐκμανθάνω	2.52	15
τὰς	18910	18913	l	ὁ	2.52	15
αἱρέσεις	18914	18922	n	αἵρεσις	2.52	15
καὶ	18923	18926	d	καί	2.52	15
τὰς	18927	18930	l	ὁ	2.52	15
ἄλλας	18931	18936	a	ἄλλος	2.52	15
τὰς	18937	18940	l	ὁ	2.52	15
βελτίους	18941	18949	a	βελτίων	2.52	15
κᾄπειτα	19021	19028	d	ἔοιπα	2.52	16
χρόνῳ	19029	19034	a	χρόνος	2.52	16
πολλῷ	19035	19040	a	πολύς	2.52	16
κρῖναί	19041	19047	v	κρίνω	2.52	16
τε	19048	19050	d	τε	2.52	16
καὶ	19051	19054	d	καί	2.52	16
βασανίσαι	19055	19064	v	βασανίζω	2.52	16
τὸ	19135	19137	p	ὁ	2.52	17
καθ	19138	19141	d	κατά	2.52	17
ἕκαστον	19143	19150	a	ἕκαστος	2.52	17
αὐτῶν	19151	19156	p	αὐτός	2.52	17
ἀληθές	19157	19163	a	ἀληθής	2.52	17
τε	19164	19166	d	τε	2.52	17
καὶ	19167	19170	d	καί	2.52	17
ψευδὲς	19171	19177	a	ψευδής	2.52	17
οἱ	19179	19181	p	ὁ	2.52	17
μὲν	19182	19185	d	μέν	2.52	17
ἰατροὺς	19256	19263	a	ἰατρός	2.52	18
ἑαυτοὺς	19264	19271	p	ἑαυτοῦ	2.52	18
οἱ	19273	19275	p	ὁ	2.52	18
δὲ	19276	19278	d	δέ	2.52	18
φιλοσόφους	19279	19289	a	φιλόσοφος	2.52	18
ὀνομάζουσι	19290	19300	v	ὀνομάζω	2.52	18
μηδὲν	19302	19307	p	μηδείς	2.52	18
εἰδότες	19308	19315	v	οἶδα	2.52	18
.	19315	19316	u	.	2.52	18
οὐδὲν	19438	19443	p	οὐδείς	2.53	1
οὖν	19444	19447	d	οὖν	2.53	1
θαυμαστὸν	19448	19457	a	θαυμαστός	2.53	1
ἐπίσης	19459	19465	v	ἔπισις	2.53	1
τοῖς	19466	19470	l	ὁ	2.53	1
ἀληθέσι	19471	19478	a	ἀληθής	2.53	1
τὰ	19479	19481	l	ὁ	2.53	1
ψευδῆ	19482	19487	a	ψευδής	2.53	1
τετιμῆσθαι	19488	19498	v	τιμάω	2.53	1
.	19498	19499	u	.	2.53	1
ὅτῳ	19568	19571	p	ὅστις	2.53	2
γὰρ	19572	19575	d	γάρ	2.53	2
ἂν	19576	19578	d	ἄν1	2.53	2
ἕκαστος	19579	19586	a	ἕκαστος	2.53	2
πρώτῳ	19587	19592	a	πρῶτος	2.53	2
περιτύχῃ	19593	19601	v	περιτύχη	2.53	2
διδασκάλῳ	19602	19611	n	διδάσκαλος	2.53	2
τοιοῦτος	19681	19689	a	τοιοῦτος	2.53	3
ἐγένετο	19690	19697	v	γίγνομαι	2.53	3
μὴ	19699	19701	d	μή	2.53	3
περιμείνας	19702	19712	v	περιμένω	2.53	3
μηδὲν	19713	19718	p	μηδείς	2.53	3
ἔτι	19719	19722	d	ἔτι	2.53	3
παρ	19723	19726	d	παρά	2.53	3
ἄλλου	19728	19733	p	ἄλλος	2.53	3
μαθεῖν	19734	19740	v	μανθάνω	2.53	3
.	19740	19741	u	.	2.53	3
ἔνιοι	19810	19815	a	ἔνιοι	2.53	4
δ	19816	19817	a	δέ	2.53	4
αὐτῶν	19819	19824	p	αὐτός	2.53	4
εἰ	19826	19828	c	εἰ	2.53	4
καὶ	19829	19832	c	καί	2.53	4
πλείοσιν	19833	19841	a	πλείων	2.53	4
ἐντύχοιεν	19842	19851	v	ἐντυγχάνω	2.53	4
ἀλλ	19853	19856	d	ἀλλά	2.53	4
οὕτως	19858	19863	d	οὕτως	2.53	4
γ	19932	19933	d	γε	2.53	5
εἰσὶν	19935	19940	v	εἰμί	2.53	5
ἀσύνετοί	19941	19949	a	ἀσύνετος	2.53	5
τε	19950	19952	d	τε	2.53	5
καὶ	19953	19956	d	καί	2.53	5
βραδεῖς	19957	19964	a	βραδύς	2.53	5
τὴν	19965	19968	d	ὁ	2.53	5
διάνοιαν	19969	19977	n	διάνοια	2.53	5
ὥστε	19979	19983	d	ὥστε	2.53	5
καὶ	20052	20055	d	καί	2.53	6
γεγηρακότες	20056	20067	v	γεγάω	2.53	6
οὔπω	20068	20072	d	οὔπω	2.53	6
συνιᾶσιν	20073	20081	v	σύνειμι	2.53	6
ἀκολουθίαν	20082	20092	n	ἀκολουθία	2.53	6
λόγου	20093	20098	n	λόγος	2.53	6
.	20098	20099	u	.	2.53	6
πάλαι	20100	20105	d	πάλαι	2.53	6
δὲ	20174	20176	d	δέ	2.53	7
τοὺς	20177	20181	l	ὁ	2.53	7
τοιούτους	20182	20191	p	τοιοῦτος	2.53	7
ἐπὶ	20192	20195	r	ἐπί	2.53	7
τὰς	20196	20199	l	ὁ	2.53	7
βαναύσους	20200	20209	a	βάναυσος	2.53	7
τέχνας	20210	20216	n	τέχνη	2.53	7
ἀπέλυον	20217	20224	v	ἀπολύω	2.53	7
.	20224	20225	u	.	2.53	7
ἀλλὰ	20226	20230	d	ἀλλά	2.53	7
ταῦτα	20299	20304	p	οὗτος	2.53	8
μὲν	20305	20308	d	μέν	2.53	8
εἰς	20309	20312	r	εἰς	2.53	8
ὅ	20313	20314	p	ὅς	2.53	8
τι	20315	20317	p	τις	2.53	8
τελευτήσει	20318	20328	v	τελευτάω	2.53	8
θεοὺς	20330	20335	n	θεός	2.53	8
εἰδέναι	20336	20343	v	οἶδα	2.53	8
.	20343	20344	u	.	2.53	8
ἡμεῖς	20345	20350	p	ἐγώ	2.53	8
δ	20351	20352	p	δέ	2.53	8
ἐπειδὴ	20422	20428	c	ἐπεί	2.53	9
καίτοι	20430	20436	d	καίτοι	2.53	9
φεύγοντες	20437	20446	v	φεύγω	2.53	9
ἀντιλέγειν	20447	20457	v	ἀντιλέγω	2.53	9
τοῖς	20458	20462	p	ὁ	2.53	9
ἐν	20463	20465	d	ἐν	2.53	9
αὐταῖς	20466	20472	p	αὐτός	2.53	9
ταῖς	20473	20477	p	ὁ	2.53	9
ἀρχαῖς	20478	20484	n	ἀρχή	2.53	9
εὐθὺς	20555	20560	d	εὐθύς	2.53	10
ἐσφαλμένοις	20561	20572	v	σφάλλω	2.53	10
ὅμως	20574	20578	d	ὅμως	2.53	10
ἠναγκάσθημεν	20579	20591	v	ἀναγκάζω	2.53	10
ὑπ	20592	20594	d	ὑπό	2.53	10
αὐτῆς	20596	20601	p	αὐτός	2.53	10
τῶν	20672	20675	p	ὁ	2.53	11
πραγμάτων	20676	20685	n	πρᾶγμα	2.53	11
τῆς	20686	20689	p	ὁ	2.53	11
ἀκολουθίας	20690	20700	n	ἀκολουθία	2.53	11
εἰπεῖν	20701	20707	v	εἶπον	2.53	11
τινα	20708	20712	p	τις	2.53	11
καὶ	20713	20716	d	καί	2.53	11
διαλεχθῆναι	20717	20728	v	διαλέγχω	2.53	11
πρὸς	20799	20803	d	πρός	2.53	12
αὐτοὺς	20804	20810	p	αὐτός	2.53	12
ἔτι	20812	20815	d	ἔτι	2.53	12
καὶ	20816	20819	d	καί	2.53	12
τοῦτο	20820	20825	p	οὗτος	2.53	12
προσθήσομεν	20826	20837	v	προστίθημι	2.53	12
τοῖς	20838	20842	l	ὁ	2.53	12
εἰρημένοις	20843	20853	v	ἐρῶ	2.53	12
ὡς	20925	20927	d	ὡς	2.53	13
οὐ	20928	20930	d	οὐ	2.53	13
μόνον	20931	20936	a	μόνος	2.53	13
τὰ	20937	20939	l	ὁ	2.53	13
καθαίροντα	20940	20950	v	καθαίρω	2.53	13
φάρμακα	20951	20958	n	φάρμακον	2.53	13
πέφυκεν	20959	20966	v	φύω	2.53	13
ἐπισπᾶσθαι	20967	20977	v	ἐπισπάω	2.53	13
τὰς	21048	21051	l	ὁ	2.53	14
οἰκείας	21052	21059	a	οἰκεῖος	2.53	14
ποιότητας	21060	21069	n	ποιότης	2.53	14
ἀλλὰ	21071	21075	d	ἀλλά	2.53	14
καὶ	21076	21079	d	καί	2.53	14
τὰ	21080	21082	l	ὁ	2.53	14
τοὺς	21083	21087	l	ὁ	2.53	14
σκόλοπας	21088	21096	n	σκόλοψ	2.53	14
ἀνάγοντα	21167	21175	v	ἀνάγω	2.53	15
καὶ	21177	21180	d	καί	2.53	15
τὰ	21181	21183	l	ὁ	2.53	15
τὰς	21184	21187	l	ὁ	2.53	15
τῶν	21188	21191	l	ὁ	2.53	15
βελῶν	21192	21197	n	βέλος	2.53	15
ἀκίδας	21198	21204	a	ἀκίς	2.53	15
εἰς	21206	21209	v	εἰς	2.53	15
πολὺ	21210	21214	a	πολύς	2.53	15
βάθος	21285	21290	n	βάθος	2.53	16
σαρκὸς	21291	21297	n	σάρξ	2.53	16
ἐμπεπαρμένας	21298	21310	v	ἐμπείρω	2.53	16
ἐνίοτε	21311	21317	d	ἐνίοτε	2.53	16
.	21317	21318	u	.	2.53	16
καὶ	21319	21322	c	καί	2.53	16
μέντοι	21323	21329	d	μέντοι	2.53	16
καὶ	21330	21333	c	καί	2.53	16
ὅσα	21334	21337	a	ὅσος	2.53	16
τοὺς	21408	21412	l	ὁ	2.53	17
ἰοὺς	21413	21417	n	ἰός	2.53	17
τῶν	21418	21421	l	ὁ	2.53	17
θηρίων	21422	21428	n	θηρίον	2.53	17
ἢ	21429	21430	d	ἤ	2.53	17
τοὺς	21431	21435	l	ὁ	2.53	17
ἐμπεφαρμαγμένους	21436	21452	v	ἐμφαρμάζω	2.53	17
βέλεσιν	21453	21460	n	βέλος	2.53	17
ἀνέλκει	21531	21538	v	ἀνέλκω	2.53	18
καὶ	21540	21543	d	καί	2.53	18
ταῦτα	21544	21549	p	οὗτος	2.53	18
τὴν	21550	21553	l	ὁ	2.53	18
αὐτὴν	21554	21559	p	αὐτός	2.53	18
ταῖς	21560	21564	l	ὁ	2.53	18
ἡρακλείαις	21565	21575	n	ἡράκλεια	2.53	18
λίθοις	21576	21582	n	λίθος	2.53	18
ἐπιδείκνυται	21583	21595	v	ἐπιδείκνυμι	2.53	18
δύναμιν	21717	21724	n	δύναμις	2.54	1
.	21724	21725	u	.	2.54	1
ἔγωγ	21726	21730	p	ἔγω	2.54	1
οὖν	21732	21735	d	οὖν	2.54	1
οἶδά	21736	21740	v	οἶδα	2.54	1
ποτε	21741	21745	d	ποτέ	2.54	1
καταπεπαρμένον	21746	21760	v	καταπαίρω	2.54	1
ἐν	21829	21831	d	ἐν	2.54	2
ποδὶ	21832	21836	n	πούς	2.54	2
νεανίσκου	21837	21846	n	νεανίσκος	2.54	2
σκόλοπα	21847	21854	n	σκόλοψ	2.54	2
τοῖς	21856	21860	n	ὁ	2.54	2
μὲν	21861	21864	d	μέν	2.54	2
δακτύλοις	21865	21874	n	δάκτυλος	2.54	2
ἕλκουσιν	21875	21883	v	ἕλκω	2.54	2
ἡμῖν	21952	21956	d	ἐγώ	2.54	3
βιαίως	21957	21963	d	βίαιος	2.54	3
οὐκ	21964	21967	d	οὐ	2.54	3
ἀκολουθήσαντα	21968	21981	v	ἀκολουθέω	2.54	3
φαρμάκου	21983	21991	n	φάρμακον	2.54	3
δ	21992	21993	d	δέ	2.54	3
ἐπιτεθέντος	21995	22006	v	ἐπιτίθημι	2.54	3
ἀλύπως	22076	22082	d	ἄλυπος	2.54	4
τε	22083	22085	d	τε	2.54	4
καὶ	22086	22089	d	καί	2.54	4
διὰ	22090	22093	d	διά	2.54	4
ταχέων	22094	22100	v	τάχος	2.54	4
ἀνελθόντα	22101	22110	v	ἀνέρχομαι	2.54	4
.	22110	22111	u	.	2.54	4
καίτοι	22112	22118	d	καίτοι	2.54	4
καὶ	22119	22122	d	καί	2.54	4
πρὸς	22123	22127	r	πρός	2.54	4
τοῦτό	22196	22201	p	οὗτος	2.54	5
τινες	22202	22207	p	τις	2.54	5
ἀντιλέγουσι	22208	22219	v	ἀντιλέγω	2.54	5
φάσκοντες	22221	22230	v	φάσκω	2.54	5
ὅταν	22232	22236	p	ὅταν	2.54	5
ἡ	22237	22238	p	ὁ	2.54	5
φλεγμονὴ	22239	22247	a	φλεγμονή	2.54	5
λυθῇ	22248	22252	v	λύω	2.54	5
τοῦ	22321	22324	p	ὁ	2.54	6
μέρους	22325	22331	n	μέρος	2.54	6
αὐτομάτως	22333	22342	d	αὐτόματος	2.54	6
ἐξιέναι	22343	22350	v	ἐξίημι	2.54	6
τὸν	22351	22354	p	ὁ	2.54	6
σκόλοπα	22355	22362	a	σκόλοψ	2.54	6
πρὸς	22364	22368	r	πρός	2.54	6
οὐδενὸς	22369	22376	p	οὐδείς	2.54	6
ἀνελκόμενον	22445	22456	v	ἀνέλκω	2.54	7
ἄλλου	22457	22462	a	ἄλλος	2.54	7
.	22462	22463	u	.	2.54	7
ἀλλ	22464	22467	d	ἀλλά	2.54	7
οὗτοί	22469	22474	p	οὗτος	2.54	7
γε	22475	22477	d	γε	2.54	7
πρῶτον	22478	22484	a	πρῶτος	2.54	7
μὲν	22485	22488	d	μέν	2.54	7
ἀγνοεῖν	22489	22496	v	ἀγνοέω	2.54	7
ἐοίκασιν	22565	22573	v	ἔοικα	2.54	8
ὡς	22575	22577	d	ὡς	2.54	8
ἄλλα	22578	22582	p	ἄλλος	2.54	8
μέν	22583	22586	d	μέν	2.54	8
ἐστι	22587	22591	v	εἰμί	2.54	8
φλεγμονῆς	22592	22601	n	φλεγμονή	2.54	8
ἄλλα	22603	22607	p	ἄλλος	2.54	8
δὲ	22608	22610	d	δέ	2.54	8
τῶν	22611	22614	p	ὁ	2.54	8
οὕτω	22615	22619	d	οὕτως	2.54	8
καταπεπαρμένων	22688	22702	v	καταπείρω	2.54	9
ἑλκτικὰ	22703	22710	a	ἑλκτικός	2.54	9
φάρμακα	22711	22718	n	φάρμακον	2.54	9
καίτοι	22720	22726	d	καίτοι	2.54	9
γ	22727	22728	d	γέ	2.54	9
εἴπερ	22731	22736	v	εἴπερ	2.54	9
ἀφλεγμάντων	22738	22749	n	ἄφλεγμα	2.54	9
γενομένων	22820	22829	v	γίγνομαι	2.54	10
ἐξεκρίνετο	22831	22841	v	ἐκκρίνω	2.54	10
τὰ	22842	22844	n	ὁ	2.54	10
παρὰ	22845	22849	n	παρά	2.54	10
φύσιν	22850	22855	n	φύσις	2.54	10
ὅσα	22948	22951	a	ὅσος	2.54	10
φλεγμονῆς	23022	23031	n	φλεγμονή	2.54	11
ἐστι	23032	23036	v	εἰμί	2.54	11
λυτικὰ	23037	23043	a	λυτικός	2.54	11
ταῦτ	23045	23049	p	οὗτος	2.54	11
εὐθὺς	23051	23056	d	εὐθύς	2.54	11
ἂν	23057	23059	d	ἄν1	2.54	11
ἦν	23060	23062	v	εἰμί	2.54	11
κᾀκείνων	23063	23071	a	εἰκείνω	2.54	11
ἑλκτικά	23072	23079	a	ἑλκτικός	2.54	11
δεύτερον	23151	23159	d	δεύτερος	2.54	12
δ	23160	23161	d	δέ	2.54	12
ὃ	23164	23165	p	ὅς	2.54	12
καὶ	23166	23169	d	καί	2.54	12
μᾶλλον	23170	23176	d	μᾶλλον	2.54	12
ἄν	23177	23179	d	ἄν1	2.54	12
τις	23180	23183	p	τις	2.54	12
θαυμάσειεν	23184	23194	v	θαυμάζω	2.54	12
ὡς	23196	23198	d	ὡς	2.54	12
οὐ	23199	23201	d	οὐ	2.54	12
μόνον	23202	23207	d	μόνος	2.54	12
ἄλλα	23278	23282	p	ἄλλος	2.54	13
μὲν	23283	23286	d	μέν	2.54	13
τοὺς	23287	23291	p	ὁ	2.54	13
σκόλοπας	23292	23300	a	σκόλοψ	2.54	13
ἄλλα	23302	23306	p	ἄλλος	2.54	13
δὲ	23307	23309	d	δέ	2.54	13
τοὺς	23310	23314	l	ὁ	2.54	13
ἕλκει	23315	23320	v	ἕλκος	2.54	13
ἀλλὰ	23322	23326	d	ἀλλά	2.54	13
καὶ	23397	23400	d	καί	2.54	14
αὐτῶν	23401	23406	p	αὐτός	2.54	14
τῶν	23407	23410	l	ὁ	2.54	14
τοὺς	23411	23415	l	ὁ	2.54	14
ἰοὺς	23416	23420	n	ἰός	2.54	14
ἑλκόντων	23421	23429	v	ἕλκω	2.54	14
τὰ	23430	23432	l	ὁ	2.54	14
μὲν	23433	23436	l	μέν	2.54	14
τὸν	23437	23440	l	ὁ	2.54	14
τῆς	23441	23444	l	ὁ	2.54	14
ἐχίδνης	23445	23452	n	ἔχιδνα	2.54	14
τὰ	23524	23526	l	ὁ	2.54	15
δὲ	23527	23529	p	δέ	2.54	15
τὸν	23530	23533	l	ὁ	2.54	15
τῆς	23534	23537	l	ὁ	2.54	15
τρυγόνος	23538	23546	n	τρυγόνος	2.54	15
τὰ	23548	23550	l	ὁ	2.54	15
δ	23551	23552	p	δέ	2.54	15
ἄλλου	23554	23559	p	ἄλλος	2.54	15
τινὸς	23560	23565	p	τις	2.54	15
ἐπισπᾶται	23566	23575	v	ἐπισπάτης	2.54	15
καὶ	23647	23650	d	καί	2.54	16
σαφῶς	23651	23656	a	σαφής	2.54	16
ἐστι	23657	23661	v	εἰμί	2.54	16
τοῖς	23662	23666	l	ὁ	2.54	16
φαρμάκοις	23667	23676	n	φάρμακος	2.54	16
ἐπικειμένους	23677	23689	v	ἐπίκειμαι	2.54	16
ἰδεῖν	23690	23695	v	εἶδον	2.54	16
αὐτούς	23696	23702	p	αὐτός	2.54	16
.	23702	23703	u	.	2.54	16
ἐνταῦθ	23774	23780	d	ἐνταῦθα	2.54	17
οὖν	23782	23785	d	οὖν	2.54	17
Ἐπίκουρον	23786	23795	n	Ἐπίκουρος	2.54	17
μὲν	23796	23799	d	μέν	2.54	17
πάλιν	23800	23805	d	πάλιν	2.54	17
ἐπαινεῖν	23806	23814	v	ἐπαινέω	2.54	17
χρὴ	23815	23818	v	χρή	2.54	17
τῆς	23819	23822	l	ὁ	2.54	17
πρὸς	23823	23827	d	πρός	2.54	17
τὸ	23949	23951	l	ὁ	2.55	1
φαινόμενον	23952	23962	v	φαίνω	2.55	1
αἰδοῦς	23963	23969	n	αἰδώς	2.55	1
μέμφεσθαι	23971	23980	v	μέμφομαι	2.55	1
δὲ	23981	23983	d	δέ	2.55	1
τὸν	23984	23987	l	ὁ	2.55	1
λόγον	23988	23993	n	λόγος	2.55	1
τῆς	23994	23997	l	ὁ	2.55	1
αἰτίας	23998	24004	n	αἰτία	2.55	1
.	24004	24005	u	.	2.55	1
ὃν	24074	24076	p	ὅς	2.55	2
γὰρ	24077	24080	d	γάρ	2.55	2
ἡμεῖς	24081	24086	p	ἐγώ	2.55	2
ἕλκοντες	24087	24095	v	ἕλκω	2.55	2
τοῖς	24096	24100	p	ὁ	2.55	2
δακτύλοις	24101	24110	n	δάκτυλος	2.55	2
οὐκ	24111	24114	d	οὐ	2.55	2
ἀνηγάγομεν	24115	24125	v	ἀνάγω	2.55	2
σκόλοπα	24126	24133	a	σκόλοψ	2.55	2
τοῦτον	24203	24209	a	οὗτος	2.55	3
ὑπὸ	24210	24213	a	ὑπό	2.55	3
τῶν	24214	24217	a	ὁ	2.55	3
σμικρῶν	24218	24225	a	μικρός	2.55	3
ἐκείνων	24226	24233	a	ἐκεῖνος	2.55	3
ἀνέλκεσθαι	24234	24244	v	ἀνέλκω	2.55	3
ψηγμάτων	24245	24253	n	ψῆγμα	2.55	3
πῶς	24323	24326	d	πῶς	2.55	4
οὐ	24327	24329	d	οὐ	2.55	4
παντάπασιν	24330	24340	d	παντάπασι	2.55	4
ἄτοπον	24341	24347	a	ἄτοπος	2.55	4
εἶναι	24348	24353	v	εἰμί	2.55	4
χρὴ	24354	24357	v	χρή	2.55	4
νομίζειν	24358	24366	v	νομίζω	2.55	4
ἆρ	24436	24438	d	ἆρα	2.55	5
οὖν	24440	24443	d	οὖν	2.55	5
ἤδη	24444	24447	d	ἤδη	2.55	5
πεπείσμεθα	24448	24458	v	πείθω	2.55	5
τῶν	24460	24463	v	ὁ	2.55	5
ὄντων	24464	24469	v	εἰμί	2.55	5
ἑκάστῳ	24470	24476	a	ἕκαστος	2.55	5
δύναμίν	24477	24484	n	δύναμις	2.55	5
τινα	24485	24489	p	τις	2.55	5
ὑπάρχειν	24558	24566	v	ὑπάρχω	2.55	6
ᾗ	24568	24569	p	ὅς	2.55	6
τὴν	24570	24573	l	ὁ	2.55	6
οἰκείαν	24574	24581	a	οἰκεῖος	2.55	6
ἕλκει	24582	24587	v	ἕλκος	2.55	6
ποιότητα	24588	24596	n	ποιότης	2.55	6
τὸ	24598	24600	l	ὁ	2.55	6
μὲν	24601	24604	d	μέν	2.55	6
μᾶλλον	24605	24611	d	μᾶλλον	2.55	6
τὸ	24681	24683	l	ὁ	2.55	7
δ	24684	24685	n	δέ	2.55	7
ἧττον	24687	24692	a	ἥσσων	2.55	7
ἢ	24694	24695	d	ἤ	2.55	7
καὶ	24696	24699	d	καί	2.55	7
τὸ	24700	24702	l	ὁ	2.55	7
τῶν	24703	24706	l	ὁ	2.55	7
πυρῶν	24707	24712	n	πυρός	2.55	7
ἔτι	24713	24716	d	ἔτι	2.55	7
παράδειγμα	24717	24727	n	παράδειγμα	2.55	7
προχειρισόμεθα	24728	24742	v	προχειρίζομαι	2.55	7
τῷ	24811	24813	l	ὁ	2.55	8
λόγῳ	24814	24818	n	λόγος	2.55	8
φανοῦνται	24820	24829	v	φανάω	2.55	8
γὰρ	24830	24833	d	γάρ	2.55	8
οἶμαι	24835	24840	v	οἴομαι	2.55	8
καὶ	24842	24845	d	καί	2.55	8
τῶν	24846	24849	l	ὁ	2.55	8
γεωργῶν	24918	24925	a	γεωργός	2.55	9
ἀμαθέστεροι	24926	24937	a	ἀμαθής	2.55	9
τὰ	24938	24940	p	ὁ	2.55	9
περὶ	24941	24945	r	περί	2.55	9
φύσεως	24946	24952	n	φύσις	2.55	9
οἱ	24953	24955	p	ὁ	2.55	9
μηδὲν	24956	24961	p	μηδείς	2.55	9
ὅλως	24962	24966	d	ὅλος	2.55	9
ὑπὸ	24967	24970	r	ὑπό	2.55	9
μηδενὸς	25041	25048	p	μηδείς	2.55	10
ἕλκεσθαι	25049	25057	v	ἕλκω	2.55	10
συγχωροῦντες	25058	25070	v	συγχωρέω	2.55	10
.	25070	25071	u	.	2.55	10
ὡς	25072	25074	c	ὡς	2.55	10
ἔγωγε	25075	25080	p	ἐγώ	2.55	10
πρῶτον	25081	25087	a	πρῶτος	2.55	10
μὲν	25088	25091	d	μέν	2.55	10
ἀκούσας	25162	25169	v	ἀκούω	2.55	11
τὸ	25170	25172	p	ὁ	2.55	11
γινόμενον	25173	25182	v	γίγνομαι	2.55	11
ἐθαύμασα	25183	25191	v	θαυμάζω	2.55	11
καὶ	25193	25196	d	καί	2.55	11
αὐτὸς	25197	25202	p	αὐτός	2.55	11
ἐβουλήθην	25203	25212	v	βούλομαι	2.55	11
αὐτόπτης	25283	25291	a	αὐτόπτης	2.55	12
αὐτοῦ	25292	25297	p	αὐτός	2.55	12
καταστῆναι	25298	25308	v	καθίστημι	2.55	12
.	25308	25309	u	.	2.55	12
μετὰ	25310	25314	d	μετά	2.55	12
ταῦτα	25315	25320	p	οὗτος	2.55	12
δὲ	25321	25323	d	δέ	2.55	12
ὡς	25325	25327	d	ὡς	2.55	12
καὶ	25328	25331	c	καί	2.55	12
τὸ	25332	25334	l	ὁ	2.55	12
τῆς	25405	25408	l	ὁ	2.55	13
πείρας	25409	25415	n	πεῖρα	2.55	13
ὡμολόγει	25416	25424	v	ὁμολογέω	2.55	13
τὴν	25426	25429	l	ὁ	2.55	13
αἰτίαν	25430	25436	a	αἰτία	2.55	13
σκοπούμενος	25437	25448	v	σκοπέω	2.55	13
ἐν	25449	25451	a	ἐν	2.55	13
παμπόλλῳ	25452	25460	a	παμπολύς	2.55	13
χρόνῳ	25531	25536	n	χρόνος	2.55	14
κατὰ	25537	25541	a	κατά	2.55	14
πάσας	25542	25547	a	πᾶς	2.55	14
τὰς	25548	25551	p	ὁ	2.55	14
αἱρέσεις	25552	25560	a	αἵρεσις	2.55	14
οὐδεμίαν	25562	25570	a	οὐδείς	2.55	14
ἄλλην	25571	25576	a	ἄλλος	2.55	14
εὑρεῖν	25647	25653	v	εὑρίσκω	2.55	15
οἷός	25654	25658	p	οἷος	2.55	15
τε	25659	25661	d	τέ	2.55	15
ἦν	25662	25664	v	εἰμί	2.55	15
οὐδ	25666	25669	d	οὐδέ	2.55	15
ἄχρι	25671	25675	d	ἄχρι	2.55	15
τοῦ	25676	25679	p	ὁ	2.55	15
πιθανοῦ	25680	25687	a	πιθανός	2.55	15
προϊοῦσαν	25688	25697	v	πρόειμι1	2.55	15
ἀλλὰ	25699	25703	d	ἀλλά	2.55	15
καταγελάστους	25774	25787	a	καταγέλαστος	2.55	16
τε	25788	25790	d	τε	2.55	16
καὶ	25791	25794	d	καί	2.55	16
σαφῶς	25795	25800	d	σαφής	2.55	16
ἐξελεγχομένας	25801	25814	v	ἐξελέγχω	2.55	16
τὰς	25815	25818	l	ὁ	2.55	16
ἄλλας	25819	25824	a	ἄλλος	2.55	16
ἁπάσας	25825	25831	a	ἅπας	2.55	16
πλὴν	25903	25907	d	πλήν	2.55	17
τῆς	25908	25911	l	ὁ	2.55	17
τὴν	25912	25915	l	ὁ	2.55	17
ὁλκὴν	25916	25921	n	ὁλκή	2.55	17
πρεσβευούσης	25922	25934	v	πρεσβεύω	2.55	17
.	25934	25935	u	.	2.55	17
ἔστι	25936	25940	v	εἰμί	2.55	17
δὲ	25941	25943	d	δέ	2.55	17
τὸ	25944	25946	l	ὁ	2.55	17
γινόμενον	25947	25956	v	γίγνομαι	2.55	17
τοιόνδε	26027	26034	p	τοιόσδε	2.55	18
.	26034	26035	u	.	2.55	18
μετακομίζοντες	26036	26050	v	μετακομίζω	2.55	18
οἱ	26051	26053	p	ὁ	2.55	18
παρ	26054	26057	r	παρά	2.55	18
ἡμῖν	26059	26063	p	ἐγώ	2.55	18
γεωργοὶ	26064	26071	a	γεωργός	2.55	18
τοὺς	26072	26076	l	ὁ	2.55	18
ἐκ	26198	26200	r	ἐκ	2.56	1
τῶν	26201	26204	l	ὁ	2.56	1
ἀγρῶν	26205	26210	n	ἀγρός	2.56	1
πυροὺς	26211	26217	n	πυρός	2.56	1
εἰς	26218	26221	v	εἰς	2.56	1
τὴν	26222	26225	l	ὁ	2.56	1
πόλιν	26226	26231	n	πόλις	2.56	1
ἐν	26232	26234	n	ἐν	2.56	1
ἁμάξαις	26235	26242	n	ἄμαξα	2.56	1
τισὶν	26243	26248	p	τις	2.56	1
ὅταν	26318	26322	p	ὅταν	2.56	2
ὑφελέσθαι	26323	26332	v	ὑφαιρέω	2.56	2
βουληθῶσιν	26333	26343	v	βούλομαι	2.56	2
ὥστε	26345	26349	v	ὥστε	2.56	2
μὴ	26350	26352	d	μή	2.56	2
φωραθῆναι	26353	26362	v	φωράω	2.56	2
κεράμι	26364	26370	n	κεράμι	2.56	2
ἄττα	26440	26444	a	ἄττα	2.56	3
πληρώσαντες	26445	26456	v	πληρόω	2.56	3
ὕδατος	26457	26463	n	ὕδωρ	2.56	3
μέσοις	26465	26471	a	μέσος	2.56	3
αὐτοῖς	26472	26478	p	αὐτός	2.56	3
ἐνιστῶσιν	26479	26488	v	ἐνίστημι	2.56	3
.	26488	26489	u	.	2.56	3
ἕλκοντες	26581	26589	v	ἕλκω	2.56	3
οὖν	26658	26661	d	οὖν	2.56	4
ἐκεῖνοι	26662	26669	p	ἐκεῖνος	2.56	4
διὰ	26670	26673	n	διά	2.56	4
τοῦ	26674	26677	p	ὁ	2.56	4
κεραμίου	26678	26686	a	κεράμιον	2.56	4
τὸ	26687	26689	l	ὁ	2.56	4
ὑγρὸν	26690	26695	a	ὑγρός	2.56	4
εἰς	26696	26699	a	εἰς	2.56	4
αὑτοὺς	26700	26706	p	ἑαυτοῦ	2.56	4
ὄγκον	26776	26781	n	ὄγκος	2.56	5
μὲν	26782	26785	d	μέν	2.56	5
καὶ	26786	26789	d	καί	2.56	5
βάρος	26790	26795	n	βάρος	2.56	5
προσκτῶνται	26796	26807	v	προσκτάομαι	2.56	5
κατάδηλοι	26809	26818	a	κατάδηλος	2.56	5
δ	26819	26820	v	δέ	2.56	5
οὐ	26822	26824	d	οὐ	2.56	5
πάνυ	26825	26829	d	πάνυ	2.56	5
γίγνονται	26898	26907	v	γίγνομαι	2.56	6
τοῖς	26908	26912	p	ὁ	2.56	6
ὁρῶσιν	26913	26919	v	ὁράω	2.56	6
εἰ	26921	26923	v	εἰ	2.56	6
μή	26924	26926	d	μήτε	2.56	6
τις	26927	26930	p	τις	2.56	6
προπεπυσμένος	26931	26944	v	προπυνθάνομαι	2.56	6
ἤδη	26945	26948	d	ἤδη	2.56	6
περιεργότερον	26949	26962	a	περίεργος	2.56	6
ἐπισκοποῖτο	27031	27042	v	ἐπισκοπέω	2.56	7
.	27042	27043	u	.	2.56	7
καίτοι	27044	27050	d	καίτοι	2.56	7
γ	27051	27052	d	γε	2.56	7
εἰ	27055	27057	c	εἰ	2.56	7
βουληθείης	27058	27068	v	βουλήσεια	2.56	7
ἐν	27069	27071	d	ἐν	2.56	7
ἡλίῳ	27072	27076	n	ἥλιος	2.56	7
καταθεῖναι	27145	27155	v	κατατίθημι	2.56	8
πάνυ	27156	27160	d	πάνυ	2.56	8
θερμῷ	27161	27166	a	θερμός	2.56	8
ταὐτὸν	27167	27173	a	ταὐτός	2.56	8
ἀγγεῖον	27174	27181	a	ἀγγεῖον	2.56	8
ἐλάχιστον	27183	27192	a	ἐλάχιστος	2.56	8
παντελῶς	27193	27201	d	παντελής	2.56	8
εὑρήσεις	27270	27278	v	εὑρίσκω	2.56	9
τὸ	27279	27281	a	ὁ	2.56	9
δαπανώμενον	27282	27293	v	δαπανάω	2.56	9
ἐφ	27294	27296	v	ἐπί	2.56	9
ἑκάστης	27298	27305	a	ἕκαστος	2.56	9
ἡμέρας	27306	27312	n	ἡμέρα	2.56	9
.	27312	27313	u	.	2.56	9
οὕτως	27314	27319	d	οὕτως	2.56	9
ἄρα	27390	27393	d	ἄρα	2.56	10
καὶ	27394	27397	d	καί	2.56	10
τῆς	27398	27401	l	ὁ	2.56	10
ἡλιακῆς	27402	27409	a	ἡλιακός	2.56	10
θερμασίας	27410	27419	a	θερμασία	2.56	10
τῆς	27420	27423	l	ὁ	2.56	10
σφοδρᾶς	27424	27431	a	σφοδρός	2.56	10
ἰσχυροτέραν	27432	27443	a	ἰσχυρός	2.56	10
οἱ	27514	27516	p	ὁ	2.56	11
πυροὶ	27517	27522	n	πυρός	2.56	11
δύναμιν	27523	27530	n	δύναμις	2.56	11
ἔχουσιν	27531	27538	v	ἔχω	2.56	11
ἕλκειν	27539	27545	v	ἕλκω	2.56	11
εἰς	27546	27549	v	εἰς	2.56	11
ἑαυτοὺς	27550	27557	p	ἑαυτοῦ	2.56	11
τὴν	27558	27561	l	ὁ	2.56	11
πλησιάζουσαν	27562	27574	v	πλησιάζω	2.56	11
ὑγρότητα	27645	27653	n	ὑγρότης	2.56	12
.	27653	27654	u	.	2.56	12
λῆρος	27655	27660	n	λῆρος	2.56	12
οὖν	27661	27664	d	οὖν	2.56	12
ἐνταῦθα	27665	27672	d	ἐνταῦθα	2.56	12
μακρὸς	27673	27679	a	μακρός	2.56	12
ἡ	27680	27681	d	ὁ	2.56	12
πρὸς	27682	27686	d	πρός	2.56	12
τὸ	27757	27759	l	ὁ	2.56	13
λεπτομερὲς	27760	27770	a	λεπτομερής	2.56	13
φορὰ	27771	27775	n	φορά	2.56	13
τοῦ	27776	27779	p	ὁ	2.56	13
περιέχοντος	27780	27791	v	περιέχω	2.56	13
ἡμᾶς	27792	27796	p	ἐγώ	2.56	13
ἀέρος	27797	27802	a	ἀήρ	2.56	13
καὶ	27804	27807	d	καί	2.56	13
μάλισθ	27808	27814	d	μάλιστα	2.56	13
ὅταν	27886	27890	d	ὅταν	2.56	14
ἱκανῶς	27891	27897	d	ἱκανός	2.56	14
ᾖ	27898	27899	v	εἰμί	2.56	14
θερμὸς	27900	27906	a	θερμός	2.56	14
πολὺ	27908	27912	a	πολύς	2.56	14
μὲν	27913	27916	d	μέν	2.56	14
ὑπάρχοντος	27917	27927	v	ὑπάρχω	2.56	14
ἢ	27928	27929	d	ἤ	2.56	14
κατὰ	28000	28004	d	κατά	2.56	15
τοὺς	28005	28009	a	ὁ	2.56	15
πυροὺς	28010	28016	n	πυρός	2.56	15
λεπτομερεστέρου	28017	28032	a	λεπτομερής	2.56	15
δεχομένου	28034	28043	v	δέχομαι	2.56	15
δ	28044	28045	n	δέ	2.56	15
οὐδὲ	28047	28051	d	οὐδέ	2.56	15
τὸ	28052	28054	l	ὁ	2.56	15
δέκατον	28125	28132	a	δέκατος	2.56	16
μέρος	28133	28138	n	μέρος	2.56	16
τῆς	28139	28142	p	ὁ	2.56	16
εἰς	28143	28146	-	εἰς	2.56	16
ἐκείνους	28147	28155	a	ἐκεῖνος	2.56	16
μεταλαμβανομένης	28156	28172	v	μεταλαμβάνω	2.56	16
ὑγρότητος	28173	28182	n	ὑγρότης	2.56	16
.	28182	28183	u	.	2.56	16
