orth	charde	charad	cat	lem	pag	linea
Φήσει	539	544	n	Φῆσις	9.777	3
δ	545	546	n	δέ	9.777	3
ἴσως	548	552	d	ἴσως	9.777	3
τις	553	556	p	τις	9.777	3
μηδὲν	557	562	p	μηδείς	9.777	3
ἀληθὲς	563	569	a	ἀληθής	9.777	3
εἶναι	570	575	v	εἰμί	9.777	3
τῶν	646	649	p	ὁ	9.777	4
εἰρημένων	650	659	v	ἐρῶ	9.777	4
ἀλλ	661	664	a	ἀλλά	9.777	4
ἡμᾶς	666	670	p	ἐγώ	9.777	4
ἀργύριον	671	679	n	ἀργύριον	9.777	4
εἰληφότας	680	689	v	λαμβάνω	9.777	4
παρὰ	690	694	n	παρά	9.777	4
τῶν	695	698	p	ὁ	9.777	4
κρισίμων	699	707	a	κρίσιμος	9.777	4
ἐπεισάγειν	778	788	v	ἐπεισάγω	9.777	5
αὐτὰς	789	794	p	αὐτός	9.777	5
τοῖς	795	799	p	ὁ	9.777	5
κατ	800	803	a	κατά	9.777	5
ἰατρικὴν	805	813	a	ἰατρικός	9.777	5
πράγμασιν	814	823	n	πρᾶγμα	9.777	5
ὥσπέρ	824	829	a	ὥσπερ	9.777	5
τινας	900	905	a	τις	9.777	6
νόθους	906	912	a	νόθος	9.777	6
παῖδας	913	919	n	παῖς	9.777	6
εἰσποιοῦντας	920	932	v	εἰσποιέω	9.777	6
γένει	933	938	n	γένος	9.777	6
γνησίῳ	939	945	a	γνήσιος	9.777	6
.	945	946	u	.	9.777	6
τί	947	949	p	τίς	9.777	6
γὰρ	950	953	d	γάρ	9.777	6
ἂν	954	956	d	ἄν1	9.777	6
καὶ	1027	1030	d	καί	9.777	7
παθόντες	1031	1039	v	πάσχω	9.777	7
καταψευδοίμεθα	1040	1054	v	καταψεύδομαι	9.777	7
τῶν	1055	1058	l	ὁ	9.777	7
φαινομένων	1059	1069	v	φαίνω	9.777	7
ἄλλό	1070	1074	p	ἄλλος	9.777	7
γε	1075	1077	d	γε	9.777	7
ἢ	1078	1079	d	ἤ	9.777	7
ἀργυρίῳ	1150	1157	n	ἀργύριον	9.777	8
δελεασθέντες	1158	1170	v	δελεάω	9.777	8
οὐ	1172	1174	d	οὐ	9.777	8
γὰρ	1175	1178	d	γάρ	9.777	8
δὴ	1179	1181	d	δή	9.777	8
κατὰ	1182	1186	d	κατά	9.777	8
γένος	1187	1192	n	γένος	9.777	8
γε	1193	1195	d	γε	9.777	8
ἡμῖν	1196	1200	p	ἐγώ	9.777	8
αἱ	1201	1203	p	ὁ	9.777	8
κρίσιμοι	1204	1212	a	κρίσιμος	9.777	8
προσήκουσιν	1283	1294	v	προσήκω	9.777	9
ἢ	1296	1297	d	ἤ	9.777	9
πολίτιδες	1298	1307	n	πολῖτις	9.777	9
ἡ	1309	1310	p	ὁ	9.777	9
συνήθεις	1311	1319	a	συνήθης	9.777	9
εἰσὶν	1320	1325	v	εἰμί	9.777	9
ἵν	1327	1329	p	ἵνα	9.777	9
αὐταῖς	1331	1337	p	αὐτός	9.777	9
χωρὶς	1410	1415	d	χωρίς	9.777	10
μισθοῦ	1416	1422	v	μισθός	9.777	10
βοηθῶμεν	1423	1431	v	βοηθέω	9.777	10
.	1431	1432	u	.	9.777	10
τί	1433	1435	p	τίς	9.777	10
γὰρ	1436	1439	d	γάρ	9.777	10
ἂν	1440	1442	d	ἄν1	9.777	10
εἴη	1443	1446	v	εἰμί	9.777	10
καὶ	1447	1450	d	καί	9.777	10
βέλτιον	1451	1458	a	βελτίων	9.777	10
ἢ	1459	1460	c	ἤ	9.777	10
ἐκείναις	1461	1469	a	ἐκεῖνος	9.777	10
κρισίμοις	1542	1551	a	κρίσιμος	9.777	11
εἶναι	1552	1557	v	εἰμί	9.777	11
νομισθείσαις	1558	1570	v	νομίζω	9.777	11
ἢ	1572	1573	c	ἤ	9.777	11
ἡμῖν	1574	1578	p	ἐγώ	9.777	11
ὡς	1580	1582	c	ὡς	9.777	11
εἰσὶν	1583	1588	v	εἰμί	9.777	11
ἀποδείξασιν	1590	1601	v	ἀποδείκνυμι	9.777	11
ἀλλ	1675	1678	d	ἀλλά	9.777	12
ὥσπερ	1680	1685	d	ὥσπερ	9.777	12
καὶ	1686	1689	d	καί	9.777	12
τἄλλα	1690	1695	p	ἄλλος	9.777	12
τὰ	1696	1698	p	ὁ	9.777	12
διὰ	1699	1702	a	διά	9.777	12
τῆς	1703	1706	p	ὁ	9.777	12
πείρας	1707	1713	v	πεῖρα	9.777	12
γνωσθέντα	1714	1723	v	γιγνώσκω	9.777	12
δηλοῦμεν	1796	1804	v	δηλόω	9.777	13
ἀδεκάστως	1805	1814	d	ἀδέκαστος	9.777	13
ἀδικώτατον	1816	1826	a	ἄδικος	9.777	13
εἶναι	1827	1832	v	εἰμί	9.777	13
νομίζοντες	1833	1843	v	νομίζω	9.777	13
ἐγκαλύπτειν	1844	1855	v	ἐγκαλύπτω	9.777	13
τἀληθὲς	1928	1935	a	ἀληθής	9.777	14
οὕτω	1937	1941	d	οὕτως	9.777	14
καὶ	1942	1945	d	καί	9.777	14
τὰς	1946	1949	l	ὁ	9.777	14
τῶν	1950	1953	l	ὁ	9.777	14
ἡμερῶν	1954	1960	v	ἡμέρα	9.777	14
διαφορὰς	1961	1969	n	διαφορά	9.777	14
ἃς	1971	1973	p	ὅς	9.777	14
πολλάκις	1974	1982	d	πολλάκις	9.777	14
ἐθεασάμεθα	2055	2065	v	θεάομαι	9.777	15
λέγομεν	2067	2074	v	λέγω	9.777	15
ὡς	2075	2077	d	ὡς	9.777	15
εἴδομεν	2078	2085	v	εἶδον	9.777	15
.	2085	2086	u	.	9.777	15
ὅταν	2087	2091	c	ὅταν	9.777	15
δὲ	2092	2094	c	δέ	9.777	15
καὶ	2095	2098	c	καί	9.777	15
τοὺς	2099	2103	l	ὁ	9.777	15
ἀρίστους	2104	2112	a	ἄριστος	9.777	15
ἰατρούς	2185	2192	n	ἰατρός	9.777	16
τε	2193	2195	d	τε	9.777	16
ἅμα	2196	2199	d	ἅμα	9.777	16
καὶ	2200	2203	d	καί	9.777	16
ἀνθρώπους	2204	2213	n	ἄνθρωπος	9.777	16
ἄμφω	2215	2219	a	ἄμφω	9.777	16
γάρ	2220	2223	d	γάρ	9.777	16
ἐστον	2224	2229	d	εἰμί	9.777	16
οἱ	2230	2232	p	ὁ	9.777	16
περὶ	2233	2237	d	περί	9.777	16
τὸν	2238	2241	l	ὁ	9.777	16
Διοκλέα	2314	2321	n	Διοκλής	9.777	17
τε	2322	2324	d	τε	9.777	17
καὶ	2325	2328	d	καί	9.777	17
Ἱπποκράτην	2329	2339	a	Ἱπποκράτης	9.777	17
καὶ	2340	2343	d	καί	9.777	17
τοὺς	2344	2348	p	ὁ	9.777	17
ἄλλους	2349	2355	p	ἄλλος	9.777	17
ὧν	2356	2358	p	ὅς	9.777	17
ὀλίγον	2359	2365	a	ὀλίγος	9.777	17
ἔμπροσθεν	2366	2375	d	ἔμπροσθεν	9.777	17
ἐμνημόνευσα	2448	2459	v	μνημονεύω	9.777	18
τὴν	2461	2464	p	ὁ	9.777	18
αὐτὴν	2465	2470	p	αὐτός	9.777	18
ὑπὲρ	2471	2475	p	ὑπέρ	9.777	18
τῶν	2476	2479	p	ὁ	9.777	18
αὐτῶν	2480	2485	p	αὐτός	9.777	18
εὑρίσκωμεν	2486	2496	v	εὑρίσκω	9.777	18
ἀπόφασιν	2622	2630	v	ἀπόφασις	9.778	1
πεποιημένους	2631	2643	v	ποιέω	9.778	1
ἔτι	2645	2648	d	ἔτι	9.778	1
καὶ	2649	2652	d	καί	9.778	1
μᾶλλον	2653	2659	d	μᾶλλον	9.778	1
οἶμαι	2661	2666	v	οἴομαι	9.778	1
θαῤῥοῦμεν	2668	2677	v	θαρσέω	9.778	1
ὡς	2748	2750	d	ὡς	9.778	2
ἀληθεύοντες	2751	2762	v	ἀληθεύω	9.778	2
.	2762	2763	u	.	9.778	2
ἀλλ	2764	2767	d	ἀλλά	9.778	2
οὐχ	2769	2772	d	οὐ	9.778	2
ὁμολογοῦσι	2773	2783	v	ὁμολογέω	9.778	2
φασὶν	2785	2790	v	φημί	9.778	2
ἅπαντες	2792	2799	a	ἅπας	9.778	2
οὗτοι	2800	2805	p	οὗτος	9.778	2
περὶ	2876	2880	d	περί	9.778	3
τῶν	2881	2884	p	ὁ	9.778	3
κρισίμων	2885	2893	a	κρίσιμος	9.778	3
ἡμερῶν	2894	2900	a	ἡμέρα	9.778	3
ἀλλ	2902	2905	d	ἀλλά	9.778	3
οἱ	2907	2909	p	ὁ	9.778	3
μὲν	2910	2913	d	μέν	9.778	3
πλείους	2914	2921	a	πλείων	9.778	3
οἱ	2923	2925	p	ὁ	9.778	3
δὲ	2926	2928	d	δέ	9.778	3
ἐλάττους	2929	2937	a	ἐλάσσων	9.778	3
αὐτὰς	3008	3013	p	αὐτός	9.778	4
εἶναι	3014	3019	v	εἰμί	9.778	4
λέγουσιν	3020	3028	v	λέγω	9.778	4
καὶ	3030	3033	d	καί	9.778	4
τὰς	3034	3037	p	ὁ	9.778	4
μὲν	3038	3041	d	μέν	9.778	4
ὅδε	3042	3045	p	ὅδε	9.778	4
τίς	3046	3049	p	τίς	9.778	4
φησιν	3050	3055	v	φημί	9.778	4
εἶναι	3056	3061	v	εἰμί	9.778	4
κρισίμους	3132	3141	a	κρίσιμος	9.778	5
τὰς	3143	3146	p	ὁ	9.778	5
δ	3147	3148	p	δέ	9.778	5
ὅδε	3150	3153	p	ὅδε	9.778	5
τις	3154	3157	p	τις	9.778	5
οὐ	3159	3161	p	οὐ	9.778	5
τὰς	3162	3165	p	ὁ	9.778	5
αὐτὰς	3166	3171	p	αὐτός	9.778	5
ἅπαντες	3172	3179	a	ἅπας	9.778	5
ἀλλ	3181	3184	a	ἀλλά	9.778	5
ὡς	3186	3188	a	ὡς	9.778	5
ἂν	3259	3261	a	ἄν1	9.778	6
ἑκάστῳ	3262	3268	a	ἕκαστος	9.778	6
παραστῇ	3269	3276	v	παρίστημι	9.778	6
τις	3277	3280	p	τις	9.778	6
γνώμη	3281	3286	n	γνώμη	9.778	6
.	3286	3287	u	.	9.778	6
τί	3288	3290	p	τίς	9.778	6
οὖν	3291	3294	d	οὖν	9.778	6
ὦ	3295	3296	v	ὦ	9.778	6
πρὸς	3297	3301	r	πρός	9.778	6
θεῶν	3302	3306	n	θεός	9.778	6
εἴποι	3307	3312	v	εἶπον	9.778	6
τις	3313	3316	p	τις	9.778	6
ἂν	3387	3389	d	ἄν1	9.778	7
οἶμαι	3390	3395	v	οἴομαι	9.778	7
πρὸς	3396	3400	d	πρός	9.778	7
αὐτούς	3401	3407	p	αὐτός	9.778	7
εἴ	3409	3411	v	εἰ	9.778	7
τι	3412	3414	p	τις	9.778	7
διαπεφώνηται	3415	3427	v	διαφωνέω	9.778	7
τοῦθ	3429	3433	p	ὁ	9.778	7
ὅλως	3435	3439	d	ὅλος	9.778	7
οὐκ	3510	3513	d	οὐ	9.778	8
εἶναί	3514	3519	v	εἰμί	9.778	8
φατε	3520	3524	v	φημί	9.778	8
καὶ	3526	3529	d	καί	9.778	8
μὴν	3530	3533	d	μήν	9.778	8
οὐκέτ	3534	3539	d	οὐκέτι	9.778	8
ἂν	3541	3543	d	ἄν1	9.778	8
ὁμολογήσετε	3544	3555	v	ὁμολογέω	9.778	8
τὸ	3557	3559	d	ὁ	9.778	8
μὲν	3560	3563	d	μέν	9.778	8
γὰρ	3564	3567	d	γάρ	9.778	8
ἐπιμελεστέρας	3638	3651	a	ἐπιμελής	9.778	9
πείρας	3652	3658	n	πεῖρα	9.778	9
ἐξετάσεώς	3659	3668	n	ἐξέτασις	9.778	9
τε	3669	3671	d	τε	9.778	9
καὶ	3672	3675	d	καί	9.778	9
κρίσεως	3676	3683	n	κρίσις	9.778	9
δεῖσθαι	3684	3691	v	δέω	9.778	9
τὰ	3692	3694	p	ὁ	9.778	9
τοιαῦτα	3767	3774	a	τοιοῦτος	9.778	10
πρὸς	3775	3779	d	πρός	9.778	10
ἁπάντων	3780	3787	a	ἅπας	9.778	10
ὡμολόγηται	3788	3798	v	ὁμολογέω	9.778	10
τὸ	3800	3802	p	ὁ	9.778	10
δ	3803	3804	p	δέ	9.778	10
ὅλως	3806	3810	d	ὅλος	9.778	10
ἀληθεύειν	3811	3820	v	ἀληθεύω	9.778	10
μηδένα	3893	3899	p	μηδείς	9.778	11
τῶν	3900	3903	p	ὁ	9.778	11
διαφερομένων	3904	3916	v	διαφέρω	9.778	11
οὐχ	3917	3920	d	οὐ	9.778	11
ὅπως	3921	3925	p	ὅπως	9.778	11
ὑμεῖς	3926	3931	p	σύ	9.778	11
οἱ	3932	3934	p	ὁ	9.778	11
δεινοὶ	3935	3941	a	δεινός	9.778	11
τῶν	3942	3945	p	ὁ	9.778	11
κρισίμων	3946	3954	a	κρίσιμος	9.778	11
κατήγοροι	4027	4036	a	κατήγορος	9.778	12
ἀλλ	4038	4041	a	ἀλλά	9.778	12
οὐδ	4043	4046	p	οὐδέ	9.778	12
οἱ	4048	4050	p	ὁ	9.778	12
τὴν	4051	4054	l	ὁ	9.778	12
Πυῤῥώνειον	4055	4065	a	Πυρρώνειος	9.778	12
ἀπορίαν	4066	4073	a	ἀπορία	9.778	12
πρεσβεύοντες	4074	4086	v	πρεσβεύω	9.778	12
ἀποδέχονται	4159	4170	v	ἀποδέχομαι	9.778	13
.	4170	4171	u	.	9.778	13
τὴν	4172	4175	l	ὁ	9.778	13
γὰρ	4176	4179	d	γάρ	9.778	13
ἀνεπίκριτον	4180	4191	a	ἀνεπίκριτος	9.778	13
οὗτοι	4192	4197	p	οὗτος	9.778	13
διαφωνίαν	4198	4207	n	διαφωνία	9.778	13
οὐχ	4281	4284	d	οὐ	9.778	14
ἁπλῶς	4285	4290	d	ἁπλῶς	9.778	14
ἅπασαν	4291	4297	a	ἅπας	9.778	14
ἡντιναοῦν	4298	4307	a	ὅστις	9.778	14
ἀγνοίας	4309	4316	n	ἄγνοια	9.778	14
τοῦ	4317	4320	n	ὁ	9.778	14
πράγματος	4321	4330	n	πρᾶγμα	9.778	14
εἶναί	4331	4336	v	εἰμί	9.778	14
φασι	4409	4413	v	φημί	9.778	15
σημεῖον	4414	4421	n	σημεῖον	9.778	15
.	4421	4422	u	.	9.778	15
ἆρ	4423	4425	n	ἆρα	9.778	15
οὖν	4427	4430	d	οὖν	9.778	15
ἀδύνατον	4431	4439	a	ἀδύνατος	9.778	15
ἐπικρῖναι	4440	4449	v	ἐπικρίνω	9.778	15
τίς	4450	4453	p	τίς	9.778	15
ἀληθεύει	4454	4462	v	ἀληθεύω	9.778	15
περὶ	4463	4467	d	περί	9.778	15
τῶν	4540	4543	p	ὁ	9.778	16
κρισίμων	4544	4552	a	κρίσιμος	9.778	16
ἡμερῶν	4553	4559	a	ἡμέρα	9.778	16
καὶ	4560	4563	d	καί	9.778	16
τίς	4564	4567	p	τίς	9.778	16
ψεύδεται	4568	4576	v	ψεύδω	9.778	16
ἢ	4578	4579	d	ἤ	9.778	16
δυνατὸν	4580	4587	a	δυνατός	9.778	16
μὲν	4588	4591	d	μέν	9.778	16
ἀλλ	4593	4596	d	ἀλλά	9.778	16
οὐ	4670	4672	d	οὐ	9.778	17
ῥᾴδιον	4673	4679	a	ῥᾴδιον	9.778	17
εἴ	4681	4683	d	εἰ	9.778	17
γε	4684	4686	d	γε	9.778	17
καὶ	4687	4690	d	καί	9.778	17
χρόνου	4691	4697	n	χρόνος	9.778	17
δεῖται	4698	4704	v	δέω	9.778	17
παμπόλλου	4705	4714	a	παμπολύς	9.778	17
καὶ	4715	4718	d	καί	9.778	17
ἀκριβείας	4719	4728	n	ἀκρίβεια	9.778	17
ἱκανῆς	4801	4807	a	ἱκανός	9.778	18
αἵ	4809	4811	d	ὅς	9.778	18
τε	4812	4814	d	τε	9.778	18
γὰρ	4815	4818	d	γάρ	9.778	18
ἀρχαὶ	4819	4824	n	ἀρχή	9.778	18
τῶν	4825	4828	p	ὁ	9.778	18
νοσημάτων	4829	4838	a	νόσημα	9.778	18
ἀσαφεῖς	4839	4846	a	ἀσαφής	9.778	18
ἐνίοτε	4847	4853	d	ἐνίοτε	9.778	18
καὶ	4854	4857	d	καί	9.778	18
πότερον	4985	4992	a	πότερος	9.779	1
ἐν	4993	4995	d	ἐν	9.779	1
ᾗ	4996	4997	p	ὅς	9.779	1
τις	4998	5001	p	τις	9.779	1
ἡμέρᾳ	5002	5007	a	ἡμέρα	9.779	1
τῆς	5008	5011	p	ὁ	9.779	1
κρίσεως	5012	5019	n	κρίσις	9.779	1
ὑπήρξατο	5020	5028	v	ὑπάρχω	9.779	1
ταύτην	5030	5036	a	οὗτος	9.779	1
εἶναι	5037	5042	v	εἰμί	9.779	1
τὴν	5113	5116	p	ὁ	9.779	2
κρίσιμον	5117	5125	a	κρίσιμος	9.779	2
ὑποληπτέον	5126	5136	a	ὑποληπτέον	9.779	2
ἢ	5138	5139	d	ἤ1	9.779	2
καθ	5140	5143	a	κατά	9.779	2
ἣν	5145	5147	p	ὅς	9.779	2
πρῶτον	5148	5154	a	πρῶτος	9.779	2
ἐλύθη	5155	5160	v	λύω	9.779	2
τὸ	5161	5163	l	ὁ	9.779	2
νόσημα	5164	5170	n	νόσημα	9.779	2
δεῖταί	5242	5248	v	δέω	9.779	3
τινος	5249	5254	p	τις	9.779	3
ἐπισκέψεως	5255	5265	n	ἐπίσκεψις	9.779	3
.	5265	5266	u	.	9.779	3
ὁ	5267	5268	l	ὁ	9.779	3
μὲν	5269	5272	d	μέν	9.779	3
γάρ	5273	5276	d	γάρ	9.779	3
τις	5277	5280	p	τις	9.779	3
οἶμαι	5282	5287	v	οἴομαι	9.779	3
θάτερον	5289	5296	a	ἕτερος	9.779	3
αὐτῶν	5367	5372	p	αὐτός	9.779	4
ὁ	5374	5375	p	ὁ	9.779	4
δὲ	5376	5378	d	δέ	9.779	4
θάτερον	5379	5386	a	ἕτερος	9.779	4
ὑπολήψεται	5387	5397	v	ὑπολαμβάνω	9.779	4
καί	5399	5402	d	καί	9.779	4
τις	5403	5406	p	τις	9.779	4
ἴσως	5407	5411	a	ἴσως	9.779	4
οὐδέτερον	5412	5421	a	οὐδέτερος	9.779	4
ἀλλ	5423	5426	a	ἀλλά	9.779	4
εἰς	5498	5501	p	εἰς	9.779	5
ἣν	5502	5504	p	ὅς	9.779	5
ὁ	5505	5506	p	ὁ	9.779	5
πλεῖστος	5507	5515	a	πλεῖστος	9.779	5
χρόνος	5516	5522	n	χρόνος	9.779	5
τῆς	5523	5526	p	ὁ	9.779	5
κρίσεως	5527	5534	n	κρίσις	9.779	5
ἀφίκετο	5535	5542	v	ἀφικνέομαι	9.779	5
ταύτην	5544	5550	a	οὗτος	9.779	5
εἶναι	5551	5556	v	εἰμί	9.779	5
φήσει	5627	5632	v	φημί	9.779	6
τὴν	5633	5636	l	ὁ	9.779	6
κρίσιμον	5637	5645	a	κρίσιμος	9.779	6
.	5645	5646	u	.	9.779	6
ὅταν	5647	5651	c	ὅταν	9.779	6
οὖν	5652	5655	d	οὖν	9.779	6
πρὸς	5656	5660	d	πρός	9.779	6
τοῦτο	5661	5666	p	οὗτος	9.779	6
καὶ	5667	5670	d	καί	9.779	6
τοῦ	5671	5674	p	ὁ	9.779	6
πολλάκις	5675	5683	d	πολλάκις	9.779	6
αὐτὰ	5754	5758	p	αὐτός	9.779	7
θεάσασθαι	5759	5768	v	θεάομαι	9.779	7
χρῄζωμεν	5769	5777	v	χρῄζω	9.779	7
ἦν	5779	5781	v	εἰμί	9.779	7
δὲ	5782	5784	d	δέ	9.779	7
τοῦτο	5785	5790	p	οὗτος	9.779	7
ἐπί	5791	5794	d	ἐπί	9.779	7
τινων	5795	5800	a	τις	9.779	7
ἡμερῶν	5801	5807	a	ἡμέρα	9.779	7
ἀδύνατον	5878	5886	a	ἀδύνατος	9.779	8
ὅσαι	5888	5892	a	ὅσος	9.779	8
σπανίως	5893	5900	d	σπάνιος	9.779	8
κρίνουσιν	5901	5910	v	κρίνω	9.779	8
ἢ	5912	5913	d	ἤ	9.779	8
κατά	5914	5918	d	κατά	9.779	8
τινα	5919	5923	a	τις	9.779	8
τύχην	5924	5929	n	τύχη	9.779	8
.	5929	5930	u	.	9.779	8
οὐ	5931	5933	d	οὐ	9.779	8
γὰρ	6004	6007	d	γάρ	9.779	9
ἀδύνατος	6008	6016	a	ἀδύνατος	9.779	9
ἡ	6017	6018	p	ὁ	9.779	9
ὑπόθεσις	6019	6027	n	ὑπόθεσις	9.779	9
εἰ	6029	6031	a	εἰ	9.779	9
ἐντύχοι	6032	6039	a	ἐντυγχάνω	9.779	9
τις	6040	6043	p	τις	9.779	9
ταῖς	6044	6048	a	ὁ	9.779	9
σπανίαις	6049	6057	a	σπάνιος	9.779	9
ἡμέραις	6058	6065	a	ἡμέρα	9.779	9
πρώταις	6138	6145	a	πρῶτος	9.779	10
ἔπειτα	6147	6153	d	ἔπειτα	9.779	10
πρὶν	6154	6158	a	πρίν	9.779	10
ἀναμεῖναι	6159	6168	v	ἀναμένω	9.779	10
τὴν	6169	6172	a	ὁ	9.779	10
μακρὰν	6173	6179	a	μακρός	9.779	10
κρίσιν	6180	6186	n	κρίσις	9.779	10
ἀποφαίνοιτο	6188	6199	v	ἀποφαίνω	9.779	10
περὶ	6272	6276	d	περί	9.779	11
αὐτῶν	6277	6282	a	αὐτός	9.779	11
ὡς	6283	6285	a	ὡς	9.779	11
κρισίμων	6286	6294	a	κρίσιμος	9.779	11
ἐκ	6296	6298	a	ἐκ	9.779	11
τῶν	6299	6302	p	ὁ	9.779	11
τοιούτων	6303	6311	a	τοιοῦτος	9.779	11
ἁπάντων	6312	6319	a	ἅπας	9.779	11
ἀναγκαῖον	6392	6401	a	ἀναγκαῖος	9.779	12
ἐπιθολοῦσθαι	6402	6414	v	ἐπιθολόω	9.779	12
τὴν	6415	6418	p	ὁ	9.779	12
ἀληθῆ	6419	6424	a	ἀληθής	9.779	12
τῶν	6425	6428	p	ὁ	9.779	12
κρισίμων	6429	6437	a	κρίσιμος	9.779	12
ἡμερῶν	6438	6444	n	ἡμέρα	9.779	12
ἱστορίαν	6517	6525	n	ἱστορία	9.779	13
.	6525	6526	u	.	9.779	13
εἰ	6527	6529	c	εἰ	9.779	13
μὲν	6530	6533	d	μέν	9.779	13
γὰρ	6534	6537	d	γάρ	9.779	13
ἐν	6538	6540	d	ἐν	9.779	13
ᾗ	6541	6542	p	ᾗ	9.779	13
τις	6543	6546	p	τις	9.779	13
ἐκρίθη	6547	6553	v	κρίνω	9.779	13
κρίσιμον	6555	6563	a	κρίσιμος	9.779	13
εἶναι	6564	6569	v	εἰμί	9.779	13
ταύτην	6570	6576	a	οὗτος	9.779	13
ἐλέγομεν	6649	6657	v	λέγω	9.779	14
ῥᾴστη	6659	6664	d	ῥᾴδιος	9.779	14
τ	6665	6666	d	τε	9.779	14
ἂν	6668	6670	d	ἄν1	9.779	14
οὕτως	6671	6676	d	οὕτως	9.779	14
ἡ	6677	6678	d	ὁ	9.779	14
γνῶσις	6679	6685	v	γνῶσις	9.779	14
αὐτῶ	6686	6690	a	αὐτός	9.779	14
ἐγίνετο	6691	6698	v	γίγνομαι	9.779	14
καὶ	6699	6702	d	καί	9.779	14
σχεδὸν	6703	6709	d	σχεδόν	9.779	14
ἁπάσαις	6782	6789	a	ἅπας	9.779	15
ὑπῆρχεν	6790	6797	v	ὑπάρχω	9.779	15
ἂν	6798	6800	d	ἄν1	9.779	15
εἶναι	6801	6806	v	εἰμί	9.779	15
κρισίμοις	6807	6816	a	κρίσιμος	9.779	15
.	6816	6817	u	.	9.779	15
ἐπεὶ	6818	6822	c	ἐπεί	9.779	15
δ	6823	6824	c	δέ	9.779	15
οὔ	6826	6828	d	οὐ	9.779	15
τι	6829	6831	p	τίς	9.779	15
τὸ	6832	6834	l	ὁ	9.779	15
σπανίον	6835	6842	a	σπανίον	9.779	15
ἱκανὸν	6915	6921	a	ἱκανός	9.779	16
ἀλλὰ	6923	6927	d	ἀλλά	9.779	16
χρὴ	6928	6931	v	χρή	9.779	16
πολλάκις	6932	6940	d	πολλάκις	9.779	16
ὦφθαι	6941	6946	v	ὁράω	9.779	16
κρίνουσαν	6947	6956	v	κρίνω	9.779	16
ἔτι	6958	6961	d	ἔτι	9.779	16
τε	6962	6964	d	τε	9.779	16
προσεῖναι	7037	7046	v	πρόσειμι	9.779	17
τῇ	7047	7049	d	ὁ	9.779	17
κρίσει	7050	7056	v	κρίσις	9.779	17
τὰ	7057	7059	l	ὁ	9.779	17
μικρῷ	7060	7065	d	μικρός	9.779	17
πρόσθεν	7066	7073	d	πρόσθεν	9.779	17
ῥηθέντα	7074	7081	d	ἐρώ	9.779	17
τό	7083	7085	d	ὁ	9.779	17
τε	7086	7088	d	τε	9.779	17
καλῶς	7089	7094	d	καλός	9.779	17
καὶ	7167	7170	d	καί	9.779	18
τὸ	7171	7173	l	ὁ	9.779	18
τελείως	7174	7181	d	τέλειος	9.779	18
καὶ	7182	7185	d	καί	9.779	18
τὸ	7186	7188	l	ὁ	9.779	18
ἀσφαλῶς	7189	7196	d	ἀσφαλής	9.779	18
καὶ	7197	7200	c	καί	9.779	18
τὸ	7201	7203	l	ὁ	9.779	18
σαφῶς	7204	7209	d	σαφής	9.779	18
καὶ	7210	7213	c	καί	9.779	18
προσέτι	7214	7221	d	προσέτι	9.779	18
ἔτι	7347	7350	d	ἔτι	9.780	1
τό	7351	7353	d	ὁ	9.780	1
ἀκινδύνως	7354	7363	d	ἀκίνδυνος	9.780	1
καὶ	7458	7461	d	καί	9.780	1
τὸ	7462	7464	l	ὁ	9.780	1
μετὰ	7465	7469	d	μετά	9.780	1
τοῦ	7470	7473	l	ὁ	9.780	1
προδεδηλῶσθαι	7474	7487	v	προδηλόω	9.780	1
δῆλον	7559	7564	a	δῆλος	9.780	2
ὡς	7565	7567	c	ὡς	9.780	2
εἰς	7568	7571	r	εἰς	9.780	2
σωριτικὴν	7572	7581	a	σωριτικός	9.780	2
ἀπορίαν	7582	7589	a	ἀπορία	9.780	2
ἐμπίπτει	7590	7598	v	ἐμπίπτω	9.780	2
τὸ	7599	7601	l	ὁ	9.780	2
σύμπαν	7602	7608	a	σύμπας	9.780	2
.	7608	7609	u	.	9.780	2
εἰ	7610	7612	c	εἰ	9.780	2
γὰρ	7613	7616	d	γάρ	9.780	2
τινὰ	7687	7691	p	τις	9.780	3
μὲν	7692	7695	d	μέν	9.780	3
ὧν	7696	7698	p	ὅς	9.780	3
εἶπον	7699	7704	v	εἶπον	9.780	3
προσείη	7705	7712	v	πρόσειος	9.780	3
τινὰ	7714	7718	p	τις	9.780	3
δ	7719	7720	v	δέ	9.780	3
ἀπείη	7722	7727	v	ἄπειμι	9.780	3
καὶ	7729	7732	d	καί	9.780	3
ἰσάζοι	7733	7739	v	ἰσάζω	9.780	3
γε	7740	7742	d	γε	9.780	3
τὰ	7743	7745	p	ὁ	9.780	3
παρόντα	7816	7823	v	πάρειμι	9.780	4
τοῖς	7824	7828	l	ὁ	9.780	4
μὴ	7829	7831	d	μή	9.780	4
παροῦσιν	7832	7840	v	πάρειμι	9.780	4
ἢ	7842	7843	d	ἤ	9.780	4
βραχεῖά	7844	7851	a	βραχύς	9.780	4
τις	7852	7855	p	τις	9.780	4
εἴη	7856	7859	v	εἰμί	9.780	4
τῶν	7860	7863	l	ὁ	9.780	4
ἑτέρων	7864	7870	a	ἕτερος	9.780	4
ὑπεροχὴ	7941	7948	n	ὑπεροχή	9.780	5
δῆλον	7950	7955	a	δῆλος	9.780	5
ὡς	7956	7958	d	ὡς	9.780	5
ἐν	7959	7961	a	ἐν	9.780	5
ἀμφιβολίᾳ	7962	7971	n	ἀμφιβολία	9.780	5
καταστησόμεθα	7972	7985	v	καθίστημι	9.780	5
περὶ	7986	7990	d	περί	9.780	5
τῆς	7991	7994	a	ὁ	9.780	5
τοιαύτης	8065	8073	a	τοιοῦτος	9.780	6
ἡμέρας	8074	8080	a	ἡμέρα	9.780	6
εἴτε	8082	8086	d	εἴτε	9.780	6
χρὴ	8087	8090	v	χρή	9.780	6
ταύτην	8091	8097	a	οὗτος	9.780	6
κρίσιμον	8098	8106	a	κρίσιμος	9.780	6
καλεῖν	8107	8113	v	καλέω	9.780	6
εἴτε	8114	8118	d	εἴτε	9.780	6
μή	8119	8121	d	μή	9.780	6
.	8121	8122	u	.	9.780	6
τὸ	8123	8125	l	ὁ	9.780	6
μὲν	8196	8199	d	μέν	9.780	7
γὰρ	8200	8203	d	γάρ	9.780	7
ἤτοι	8204	8208	d	ἤτοι	9.780	7
πάντων	8209	8215	a	πᾶς	9.780	7
ὑπαρχόντων	8216	8226	v	ὑπάρχω	9.780	7
ὧν	8227	8229	p	ὅς	9.780	7
εἶπον	8230	8235	v	εἶπον	9.780	7
ἢ	8236	8237	d	ἤ	9.780	7
τῶν	8238	8241	l	ὁ	9.780	7
πλείστων	8242	8250	a	πλεῖστος	9.780	7
τε	8321	8323	d	τε	9.780	8
καὶ	8324	8327	d	καί	9.780	8
μεγίστων	8328	8336	a	μέγας	9.780	8
ἔτ	8337	8339	d	ἔτι	9.780	8
ἀμφιβάλλειν	8341	8352	v	ἀμφιβάλλω	9.780	8
ὡς	8353	8355	d	ὡς	9.780	8
οὐκ	8356	8359	d	οὐ	9.780	8
οὔσης	8360	8365	d	εἰμί	9.780	8
κρισίμου	8366	8374	a	κρίσιμος	9.780	8
παντελῶς	8445	8453	d	παντελής	9.780	9
ἠλίθιον	8454	8461	a	ἠλίθιος	9.780	9
ὥσπέρ	8463	8468	d	ὥσπερ	9.780	9
γε	8469	8471	d	γε	9.780	9
καὶ	8472	8475	d	καί	9.780	9
εἰ	8476	8478	c	εἰ	9.780	9
μηδὲν	8479	8484	p	μηδείς	9.780	9
αὐτῶν	8485	8490	a	αὐτός	9.780	9
ἢν	8492	8494	d	ἐάν	9.780	9
παντάπασιν	8495	8505	d	παντάπασι	9.780	9
ὀλίγα	8578	8583	a	ὀλίγος	9.780	10
καὶ	8584	8587	d	καί	9.780	10
μικρὰν	8588	8594	a	μικρός	9.780	10
ἔχοντα	8595	8601	v	ἔχω	9.780	10
δύναμιν	8602	8609	n	δύναμις	9.780	10
ὑπάρχῃ	8610	8616	v	ὑπάρχη	9.780	10
καὶ	8618	8621	d	καί	9.780	10
γὰρ	8622	8625	d	γάρ	9.780	10
καὶ	8626	8629	d	καί	9.780	10
ταύτην	8702	8708	a	οὗτος	9.780	11
ἐκ	8709	8711	d	ἐκ	9.780	11
τῶν	8712	8715	d	ὁ	9.780	11
οὐ	8716	8718	d	οὐ	9.780	11
κρισίμων	8719	8727	a	κρισίμων	9.780	11
ἀριθμητέον	8728	8738	a	ἀριθμητέος	9.780	11
.	8738	8739	u	.	9.780	11
εἰ	8740	8742	c	εἰ	9.780	11
δ	8743	8744	c	δέ	9.780	11
εἴη	8746	8749	v	εἰμί	9.780	11
τῶν	8750	8753	l	ὁ	9.780	11
ὑπαρχόντων	8754	8764	v	ὑπάρχω	9.780	11
αὐτῇ	8837	8841	a	αὐτός	9.780	12
βραχεῖά	8842	8849	a	βραχύς	9.780	12
τις	8850	8853	p	τις	9.780	12
ἡ	8854	8855	p	ὁ	9.780	12
διαφορὰ	8856	8863	a	διαφορά	9.780	12
πρόδηλον	8865	8873	a	πρόδηλος	9.780	12
ὡς	8874	8876	a	ὡς	9.780	12
εἰς	8877	8880	v	εἰς	9.780	12
ἀπορίαν	8881	8888	a	ἀπορία	9.780	12
καταστησόμεθα	8961	8974	v	καθίστημι	9.780	13
πότερον	8976	8983	a	πότερος	9.780	13
ἐκ	8984	8986	d	ἐκ	9.780	13
τῶν	8987	8990	p	ὁ	9.780	13
κρισίμων	8991	8999	a	κρίσιμος	9.780	13
αὐτὴν	9000	9005	p	αὐτός	9.780	13
ἀριθμητέον	9006	9016	a	ἀριθμητέος	9.780	13
ἐστὶν	9089	9094	v	εἰμί	9.780	14
ἢ	9095	9096	d	ἤ	9.780	14
μή	9097	9099	d	μή	9.780	14
.	9099	9100	u	.	9.780	14
ἔγωγ	9101	9105	p	ἔγω	9.780	14
οὖν	9107	9110	d	οὖν	9.780	14
αὐτὸς	9111	9116	a	αὐτός	9.780	14
ἐκ	9117	9119	d	ἐκ	9.780	14
μειρακίου	9120	9129	n	μειράκιον	9.780	14
μὲν	9130	9133	d	μέν	9.780	14
ὑπηρξάμην	9134	9143	v	ὑπάρχω	9.780	14
παραφυλάττειν	9216	9229	v	παραφυλάσσω	9.780	15
τὰς	9230	9233	n	ὁ	9.780	15
κρισίμους	9234	9243	a	κρίσιμος	9.780	15
ἡμέρας	9244	9250	n	ἡμέρα	9.780	15
ἵνα	9252	9255	d	ἵνα	9.780	15
τι	9256	9258	p	τις	9.780	15
κᾀκ	9259	9262	d	ἐκ	9.780	15
τῆς	9263	9266	p	ὁ	9.780	15
ἐμαυτοῦ	9267	9274	p	ἐμαυτοῦ	9.780	15
πείρας	9347	9353	n	πεῖρα	9.780	16
ἐπικρίναιμι	9354	9365	v	ἐπικρίνω	9.780	16
περὶ	9366	9370	d	περί	9.780	16
τῆς	9371	9374	p	ὁ	9.780	16
διαφωνίας	9375	9384	n	διαφωνία	9.780	16
αὐτῶν	9385	9390	p	αὐτός	9.780	16
οὐ	9392	9394	d	οὐ	9.780	16
μὴν	9395	9398	d	μήν	9.780	16
ἤδη	9399	9402	d	ἤδη	9.780	16
γε	9403	9405	d	γε	9.780	16
δύναμαι	9478	9485	v	δύναμαι	9.780	17
περί	9486	9490	d	περί	9.780	17
τινων	9491	9496	p	τις	9.780	17
ἀποφήνασθαι	9497	9508	v	ἀποφαίνω	9.780	17
σαφῶς	9509	9514	d	σαφής	9.780	17
ὅσον	9516	9520	a	ὅσος	9.780	17
ἐπὶ	9521	9524	r	ἐπί	9.780	17
τῇ	9525	9527	d	ὁ	9.780	17
προγεγονυίᾳ	9528	9539	n	προγίγνομαι	9.780	17
μνήμῃ	9612	9617	n	μνήμη	9.780	18
.	9617	9618	u	.	9.780	18
δοκεῖ	9619	9624	v	δοκέω	9.780	18
δέ	9625	9627	d	δέ	9.780	18
μοι	9628	9631	p	ἐγώ	9.780	18
καὶ	9632	9635	d	καί	9.780	18
Ἱπποκράτης	9636	9646	n	Ἱπποκράτης	9.780	18
ὡς	9648	9650	d	ὡς	9.780	18
ἂν	9651	9653	d	ἄν1	9.780	18
ἀληθὴς	9654	9660	a	ἀληθής	9.780	18
ἀνὴρ	9786	9790	n	ἀνήρ	9.781	1
ἄχρι	9792	9796	d	ἄχρι	9.781	1
πολλοῦ	9797	9803	a	πολύς	9.781	1
χρόνου	9804	9810	n	χρόνος	9.781	1
καὶ	9811	9814	d	καί	9.781	1
αὐτὸς	9815	9820	a	αὐτός	9.781	1
τὸ	9821	9823	p	ὁ	9.781	1
τοιοῦτον	9824	9832	a	τοιοῦτος	9.781	1
παθεῖν	9833	9839	v	πάσχω	9.781	1
εἴ	9841	9843	v	εἰ	9.781	1
τι	9844	9846	p	τις	9.781	1
χρὴ	9917	9920	v	χρή	9.781	2
τεκμήρασθαι	9921	9932	v	τεκμαίρομαι	9.781	2
ἐκ	9933	9935	r	ἐκ	9.781	2
τῶν	9936	9939	p	ὁ	9.781	2
ἐν	9940	9942	r	ἐν	9.781	2
τῷ	9943	9945	p	ὁ	9.781	2
πρώτῳ	9946	9951	a	πρῶτος	9.781	2
τῶν	9952	9955	p	ὁ	9.781	2
ἐπιδημιῶν	9956	9965	a	ἐπιδημία	9.781	2
ἐν	9967	9969	r	ἐν	9.781	2
ᾧ	9970	9971	p	ὅς	9.781	2
παμπόλλας	10042	10051	a	παμπολύς	9.781	3
ἤθροισεν	10052	10060	v	ἀθροίζω	9.781	3
ἡμέρας	10061	10067	a	ἡμέρα	9.781	3
εἰς	10068	10071	v	εἰς	9.781	3
ταὐτὸν	10072	10078	p	ταὐτός	9.781	3
ἃς	10080	10082	p	ὅς	9.781	3
ἐν	10083	10085	r	ἐν	9.781	3
τῷ	10086	10088	p	ὁ	9.781	3
προγνωστικῷ	10089	10100	a	νρογνωστικός	9.781	3
κᾀν	10171	10174	v	εἰς	9.781	4
τοῖς	10175	10179	p	ὁ	9.781	4
ἀφορισμοῖς	10180	10190	n	ἀφορισμός	9.781	4
περικόπτειν	10191	10202	v	περικόπτω	9.781	4
φαίνεται	10203	10211	v	φαίνω	9.781	4
.	10211	10212	u	.	9.781	4
δέδεικται	10213	10222	v	δείκνυμι	9.781	4
δ	10223	10224	d	δέ	9.781	4
ἡμῖν	10296	10300	p	ἐγώ	9.781	5
ἤδη	10301	10304	d	ἤδη	9.781	5
μὲν	10305	10308	d	μέν	9.781	5
καὶ	10309	10312	d	καί	9.781	5
δι	10313	10315	d	διά	9.781	5
ἑτέρων	10317	10323	a	ἕτερος	9.781	5
ἀλλὰ	10325	10329	d	ἀλλά	9.781	5
καὶ	10330	10333	d	καί	9.781	5
νῦν	10334	10337	d	νῦν	9.781	5
οὐδὲν	10338	10343	p	οὐδείς	9.781	5
ἧττον	10344	10349	a	ἥσσων	9.781	5
ἔσται	10350	10355	v	εἰμί	9.781	5
δῆλον	10426	10431	a	δῆλος	9.781	6
ἐκ	10432	10434	d	ἐκ	9.781	6
τῶν	10435	10438	p	ὁ	9.781	6
ἐφεξῆς	10439	10445	d	ἐφεξῆς	9.781	6
εἰρησομένων	10446	10457	v	ἔρομαι	9.781	6
ὡς	10458	10460	d	ὡς	9.781	6
πρότερον	10461	10469	a	πρότερος	9.781	6
αὐτῷ	10470	10474	p	αὐτός	9.781	6
τὰ	10475	10477	l	ὁ	9.781	6
τῶν	10478	10481	l	ὁ	9.781	6
ἐπιδημιῶν	10552	10561	a	ἐπιδημία	9.781	7
γέγραπται	10562	10571	v	γράφω	9.781	7
βιβλία	10572	10578	n	βιβλίον	9.781	7
βασανίζοντι	10580	10591	v	βασανίζω	9.781	7
διὰ	10592	10595	n	διά	9.781	7
τῆς	10596	10599	l	ὁ	9.781	7
πείρας	10600	10606	n	πεῖρα	9.781	7
ἔτι	10607	10610	d	ἔτι	9.781	7
τὰ	10681	10683	l	ὁ	9.781	8
θεωρήματα	10684	10693	n	θεώρημα	9.781	8
καὶ	10694	10697	d	καί	9.781	8
μὴ	10698	10700	d	μή	9.781	8
τολμῶντι	10701	10709	v	τολμάω	9.781	8
καθόλου	10710	10717	d	καθόλου	9.781	8
τισὶν	10718	10723	p	τις	9.781	8
ἀποφάσεσιν	10724	10734	n	ἀπόφασις	9.781	8
ἐπ	10805	10807	d	ἐπί	9.781	9
αὐτῶν	10809	10814	p	αὐτός	9.781	9
χρῆσθαι	10815	10822	v	χράομαι	9.781	9
διό	10824	10827	d	διό	9.781	9
μοι	10828	10831	p	ἐγώ	9.781	9
καὶ	10832	10835	d	καί	9.781	9
δοκοῦσιν	10836	10844	v	δοκέω	9.781	9
οἱ	10845	10847	p	ὁ	9.781	9
τὰς	10848	10851	p	ὁ	9.781	9
κρισίμους	10852	10861	a	κρίσιμος	9.781	9
ἡμέρας	10934	10940	a	ἡμέρα	9.781	10
ἀναιροῦντες	10941	10952	v	ἀναιρέω	9.781	10
ὡς	10953	10955	d	ὡς	9.781	10
οὐκ	10956	10959	d	οὐ	9.781	10
οὔσας	10960	10965	v	εἰμί	9.781	10
ὅτι	10967	10970	p	ὅτι	9.781	10
διαπεφώνηται	10971	10983	v	διαφωνέω	9.781	10
περὶ	10984	10988	d	περί	9.781	10
αὐτῶν	10989	10994	p	αὐτός	9.781	10
τοῖς	11067	11071	p	ὁ	9.781	11
ἰατροῖς	11072	11079	n	ἰατρός	9.781	11
οὐ	11081	11083	d	οὐ	9.781	11
πάνυ	11084	11088	d	πάνυ	9.781	11
τι	11089	11091	p	τις	9.781	11
τοῖς	11092	11096	l	ὁ	9.781	11
ἔργοις	11097	11103	n	ἔργον	9.781	11
τῆς	11104	11107	l	ὁ	9.781	11
τέχνης	11108	11114	n	τέχνη	9.781	11
προσεσχηκέναι	11115	11128	v	προσέχω	9.781	11
τὸν	11201	11204	l	ὁ	9.781	12
νοῦν	11205	11209	n	νόος	9.781	12
ὡς	11211	11213	d	ὡς	9.781	12
εἴ	11214	11216	v	εἰ	9.781	12
γε	11217	11219	d	γέγνομαι	9.781	12
προσεσχήκεσαν	11220	11233	v	προσέχω	9.781	12
οὐ	11235	11237	d	οὐ	9.781	12
μόνον	11238	11243	a	μόνος	9.781	12
ὅτι	11244	11247	p	ὅτι	9.781	12
διαφέρονται	11248	11259	v	διαφέρω	9.781	12
περί	11332	11336	d	περί	9.781	13
τινων	11337	11342	p	τις	9.781	13
ἡμερῶν	11343	11349	v	ἡμέρα	9.781	13
οἱ	11350	11352	p	ὁ	9.781	13
γράψαντες	11353	11362	v	γράφω	9.781	13
περὶ	11363	11367	d	περί	9.781	13
αὐτῶν	11368	11373	p	αὐτός	9.781	13
ἀλλ	11375	11378	d	ἀλλά	9.781	13
ὅτι	11452	11455	p	ὅτι	9.781	14
καὶ	11456	11459	d	καί	9.781	14
συμφωνοῦσιν	11460	11471	v	συμφωνέω	9.781	14
ἐν	11472	11474	d	ἐν	9.781	14
ταῖς	11475	11479	a	ὁ	9.781	14
πλείσταις	11480	11489	a	πλεῖστος	9.781	14
ἐννοήσαντες	11490	11501	v	ἐννοέω	9.781	14
ἔπειτα	11503	11509	d	ἔπειτα	9.781	14
τῆς	11582	11585	p	ὁ	9.781	15
ἑαυτῶν	11586	11592	p	ἑαυτοῦ	9.781	15
πείρας	11593	11599	v	πεῖρα	9.781	15
ἀναμνησθέντες	11600	11613	v	ἀναμιμνήσκω	9.781	15
ἐξεῦρον	11615	11622	v	ἐξευρίσκω	9.781	15
ἂν	11623	11625	d	ἄν1	9.781	15
οἶμαι	11627	11632	v	οἴομαι	9.781	15
ῥᾳδίως	11634	11640	d	ῥᾴδιος	9.781	15
ἑτέρας	11713	11719	a	ἕτερος	9.781	16
μὲν	11720	11723	d	μέν	9.781	16
εἶναι	11724	11729	v	εἰμί	9.781	16
φύσεως	11730	11736	n	φύσις	9.781	16
τὰς	11737	11740	p	ὁ	9.781	16
ὁμολογουμένας	11741	11754	v	ὁμολογέω	9.781	16
ἑτέρας	11756	11762	a	ἕτερος	9.781	16
δ	11763	11764	v	δέ	9.781	16
ὑπὲρ	11766	11770	r	ὑπέρ	9.781	16
ὧν	11843	11845	p	ὅς	9.781	17
διαφέρονται	11846	11857	v	διαφέρω	9.781	17
.	11857	11858	u	.	9.781	17
τίς	11859	11862	p	τίς	9.781	17
γὰρ	11863	11866	d	γάρ	9.781	17
ἢ	11867	11868	d	ἤ	9.781	17
τὴν	11869	11872	l	ὁ	9.781	17
ἑβδόμην	11873	11880	a	ἕβδομος	9.781	17
ἢ	11882	11883	d	ἤ	9.781	17
τὴν	11884	11887	l	ὁ	9.781	17
ἑνδεκάτην	11888	11897	a	ἑνδέκατος	9.781	17
ἢ	11899	11900	d	ἤ	9.781	17
τὴν	11973	11976	l	ὁ	9.781	18
τεσσαρεσκαιδεκάτην	11977	11995	a	τεσσαρεσκαιδέκατος	9.781	18
ἢ	11997	11998	d	ἤ	9.781	18
τὰς	11999	12002	l	ὁ	9.781	18
ἄλλας	12003	12008	p	ἄλλος	9.781	18
τὰς	12009	12012	l	ὁ	9.781	18
ὁμοίας	12013	12019	p	ὅμοιος	9.781	18
οὐκ	12020	12023	a	οὐ	9.781	18
εἶπε	12024	12028	p	εἶπον	9.781	18
κρισίμους	12029	12038	a	κρίσιμος	9.781	18
οὐδεὶς	12112	12118	p	οὐδείς	9.781	19
ὁστισοῦν	12119	12127	p	ὅστις	9.781	19
.	12127	12128	u	.	9.781	19
φαίνονται	12129	12138	v	φαίνω	9.781	19
γοῦν	12139	12143	d	γοῦν	9.781	19
ἅπαντες	12144	12151	a	ἅπας	9.781	19
ὥσπερ	12152	12157	d	ὥσπερ	9.781	19
ἐξ	12158	12160	r	ἐκ	9.781	19
ἑνὸς	12286	12290	n	εἷς	9.782	1
στόματος	12291	12299	n	στόμα	9.782	1
ἀποφαινόμενοι	12300	12313	v	ἀποφαίνω	9.782	1
περὶ	12314	12318	r	περί	9.782	1
αὐτῶν	12319	12324	p	αὐτός	9.782	1
.	12324	12325	u	.	9.782	1
καὶ	12326	12329	d	καί	9.782	1
μὴν	12330	12333	d	μήν	9.782	1
εἴπερ	12334	12339	c	εἴπερ	9.782	1
ὑπὲρ	12340	12344	d	ὑπέρ	9.782	1
ἁπασῶν	12415	12421	a	ἅπας	9.782	2
ὡμολόγουν	12422	12431	v	ὁμολογέω	9.782	2
ἀλλήλοις	12432	12440	a	ἀλλήλων	9.782	2
ἴσως	12442	12446	d	ἴσως	9.782	2
ἂν	12447	12449	d	ἄν1	9.782	2
παρέστη	12450	12457	v	παρίστημι	9.782	2
ὑπολαμβάνειν	12458	12470	v	ὑπολαμβάνω	9.782	2
χωρὶς	12541	12546	d	χωρίς	9.782	3
τοῦ	12547	12550	a	ὁ	9.782	3
κρῖναι	12551	12557	v	κρίνω	9.782	3
καὶ	12558	12561	d	καί	9.782	3
βασανίσαι	12562	12571	v	βασανίζω	9.782	3
τἀληθὲς	12572	12579	a	ἀληθής	9.782	3
ἅπαντας	12580	12587	a	ἅπας	9.782	3
αὐτοὺς	12588	12594	a	αὐτός	9.782	3
ἑξῆς	12665	12669	d	ἑξῆς	9.782	4
ἀκολουθῆσαι	12670	12681	v	ἀκολουθέω	9.782	4
τῷ	12682	12684	a	ὁ	9.782	4
πρώτως	12685	12691	a	πρώτως	9.782	4
περὶ	12692	12696	d	περί	9.782	4
κρισίμων	12697	12705	a	κρίσιμος	9.782	4
ἡμερῶν	12706	12712	v	ἡμέρα	9.782	4
ἀποφηναμένῳ	12713	12724	v	ἀποφαίνω	9.782	4
.	12724	12725	u	.	9.782	4
διαφερομένων	12796	12808	v	διαφέρω	9.782	5
δ	12809	12810	v	δέ	9.782	5
ἐν	12812	12814	v	ἐν	9.782	5
ταῖς	12815	12819	p	ὁ	9.782	5
πλείσταις	12820	12829	a	πλεῖστος	9.782	5
οὐκέτ	12831	12836	d	οὐκέτι	9.782	5
ἐνδέχεται	12838	12847	v	ἐνδέχομαι	9.782	5
τοιοῦτον	12918	12926	a	τοιοῦτος	9.782	6
οὐδὲν	12927	12932	p	οὐδείς	9.782	6
ὑπονοεῖν	12933	12941	v	ὑπονοέω	9.782	6
.	12941	12942	u	.	9.782	6
ἀλλ	12943	12946	d	ἀλλά	9.782	6
ἐμοὶ	12948	12952	p	ἐγώ	9.782	6
μὲν	12953	12956	d	μέν	9.782	6
καὶ	12957	12960	d	καί	9.782	6
θαυμάζειν	13054	13063	v	θαυμάζω	9.782	6
ἐπέρχεται	13134	13143	v	ἐπέρχομαι	9.782	7
τοὺς	13144	13148	l	ὁ	9.782	7
ἄνδρας	13149	13155	n	ἀνήρ	9.782	7
ἐπὶ	13156	13159	r	ἐπί	9.782	7
τῇ	13160	13162	l	ὁ	9.782	7
περὶ	13163	13167	r	περί	9.782	7
τὴν	13168	13171	l	ὁ	9.782	7
ἀλήθειαν	13172	13180	n	ἀλήθεια	9.782	7
σπουδῇ	13181	13187	n	σπουδή	9.782	7
.	13187	13188	u	.	9.782	7
τὸ	13189	13191	l	ὁ	9.782	7
γὰρ	13262	13265	d	γάρ	9.782	8
μήτε	13266	13270	d	μήτε	9.782	8
τὰς	13271	13274	l	ὁ	9.782	8
αὐτὰς	13275	13280	p	αὐτός	9.782	8
ἅπαντας	13281	13288	a	ἅπας	9.782	8
εἰπεῖν	13289	13295	v	εἶπον	9.782	8
ἀλλ	13297	13300	a	ἀλλά	9.782	8
ἔστιν	13302	13307	v	εἰμί	9.782	8
ἐν	13308	13310	d	ἐν	9.782	8
αἷς	13311	13314	p	ὅς	9.782	8
διενεχθῆναι	13315	13326	v	διαφέρω	9.782	8
μήτε	13398	13402	d	μήτε	9.782	9
εἰκῇ	13403	13407	d	εἰκῇ	9.782	9
τοῦτο	13408	13413	p	οὗτος	9.782	9
καὶ	13414	13417	d	καί	9.782	9
ἀλόγως	13418	13424	d	ἄλογος	9.782	9
παθεῖν	13425	13431	v	πάσχω	9.782	9
ἀλλ	13433	13436	d	ἀλλά	9.782	9
ὅσαι	13438	13442	a	ὅσος	9.782	9
μὲν	13443	13446	d	μέν	9.782	9
ἅπαντα	13519	13525	a	ἅπας	9.782	10
διαφυλάττουσι	13526	13539	v	διαφυλάσσω	9.782	10
τὰ	13540	13542	p	ὁ	9.782	10
τῶν	13543	13546	p	ὁ	9.782	10
κρίσεων	13547	13554	n	κρίσις	9.782	10
γνωρίσματα	13555	13565	a	γνώρισμα	9.782	10
τὰ	13566	13568	p	ὁ	9.782	10
μικρῷ	13569	13574	a	μικρός	9.782	10
πρόσθεν	13647	13654	d	πρόσθεν	9.782	11
ὑπ	13655	13657	a	ὑπό	9.782	11
ἐμοῦ	13659	13663	a	ἐγώ	9.782	11
λελεγμένα	13664	13673	v	λέγω	9.782	11
ταύτας	13675	13681	a	οὗτος	9.782	11
μὲν	13682	13685	d	μέν	9.782	11
ὡσαύτως	13686	13693	d	ὡσαύτως	9.782	11
ἀναγράψαι	13694	13703	v	ἀναγράφω	9.782	11
σύμπαντας	13776	13785	a	σύμπας	9.782	12
ὅσαι	13787	13791	a	ὅσος	9.782	12
δ	13792	13793	n	δέ	9.782	12
ἀμφιβολίαν	13795	13805	n	ἀμφιβολία	9.782	12
ἔχουσί	13806	13812	v	ἔχω	9.782	12
τινα	13813	13817	p	τις	9.782	12
καὶ	13818	13821	d	καί	9.782	12
ἀπορίαν	13822	13829	n	ἀπορία	9.782	12
ἐκ	13902	13904	d	ἐκ	9.782	13
τοῦ	13905	13908	p	ὁ	9.782	13
τινὰ	13909	13913	a	τις	9.782	13
μὲν	13914	13917	d	μέν	9.782	13
ὑπάρχειν	13918	13926	v	ὑπάρχω	9.782	13
αὐταῖς	13927	13933	p	αὐτός	9.782	13
γνωρίσματα	13934	13944	n	γνώρισμα	9.782	13
τινὰ	13946	13950	p	τις	9.782	13
δ	13951	13952	a	δέ	9.782	13
οὐχ	14026	14029	d	οὐ	9.782	14
ὑπάρχειν	14030	14038	v	ὑπάρχω	9.782	14
οὐκέθ	14040	14045	d	οὐκέτι	9.782	14
ὡσαύτως	14047	14054	d	ὡσαύτως	9.782	14
ἅπαντας	14055	14062	a	ἅπας	9.782	14
ἀναγράψαι	14063	14072	v	ἀναγράφω	9.782	14
τεκμήριον	14074	14083	n	τεκμήριον	9.782	14
οὐ	14156	14158	d	οὐ	9.782	15
μικρόν	14159	14165	a	μικρός	9.782	15
ἐστι	14166	14170	v	εἰμί	9.782	15
τοῦ	14171	14174	a	ὁ	9.782	15
φύσιν	14175	14180	n	φύσις	9.782	15
εἶναί	14181	14186	v	εἰμί	9.782	15
τινα	14187	14191	a	τις	9.782	15
τῶν	14192	14195	a	ὁ	9.782	15
κρισίμων	14196	14204	a	κρίσιμος	9.782	15
ἡμερῶν	14205	14211	a	ἡμέρα	9.782	15
ἰδίαν	14284	14289	a	ἴδιος	9.782	16
ἐξαίρετον	14290	14299	a	ἐξαιρετός	9.782	16
.	14299	14300	u	.	9.782	16
ἃς	14301	14303	p	ὅς	9.782	16
γὰρ	14304	14307	d	γάρ	9.782	16
καὶ	14308	14311	d	καί	9.782	16
καθ	14312	14315	r	κατά	9.782	16
ἑαυτὸν	14317	14323	p	ἑαυτοῦ	9.782	16
ἕκαστος	14324	14331	a	ἕκαστος	9.782	16
ἡμῶν	14332	14336	p	ἐγώ	9.782	16
ἐπὶ	14337	14340	p	ἐπί	9.782	16
τὴν	14413	14416	p	ὁ	9.782	17
τῶν	14417	14420	p	ὁ	9.782	17
τοιούτων	14421	14429	p	τοιοῦτος	9.782	17
πεῖραν	14430	14436	a	πεῖρα	9.782	17
ἀφικόμενος	14437	14447	v	ἀφικνέομαι	9.782	17
ἀποφήναιτ	14448	14457	v	ἀποφαίνω	9.782	17
ἂν	14459	14461	a	ἄν1	9.782	17
εἶναι	14462	14467	v	εἰμί	9.782	17
κρισίμους	14468	14477	a	κρίσιμος	9.782	17
ἐκ	14550	14552	v	ἐκ	9.782	18
τοῦ	14553	14556	p	ὁ	9.782	18
διαφυλάττειν	14557	14569	v	διαφυλάσσω	9.782	18
ἅπαντα	14570	14576	a	ἅπας	9.782	18
τῶν	14577	14580	p	ὁ	9.782	18
κρίσεων	14581	14588	n	κρίσις	9.782	18
τὰ	14589	14591	p	ὁ	9.782	18
γνωρίσματα	14592	14602	n	γνώρισμα	9.782	18
ταύτας	14729	14735	p	οὗτος	9.783	1
καὶ	14736	14739	d	καί	9.783	1
παρ	14740	14743	a	παρά	9.783	1
ἐκείνοις	14745	14753	a	ἐκεῖνος	9.783	1
ἔστιν	14754	14759	v	εἰμί	9.783	1
εὑρεῖν	14760	14766	v	εὑρίσκω	9.783	1
ὁμολογουμένας	14767	14780	v	ὁμολογέω	9.783	1
ὥσπερ	14852	14857	d	ὥσπερ	9.783	2
αὖ	14858	14860	d	αὖ	9.783	2
καὶ	14861	14864	d	καί	9.783	2
ὅσας	14865	14869	a	ὅσος	9.783	2
ἄπορον	14870	14876	a	ἄπορος	9.783	2
ἐκ	14877	14879	d	ἐκ	9.783	2
πείρας	14880	14886	v	πεῖρα	9.783	2
κρῖναι	14887	14893	v	κρίνω	9.783	2
καὶ	14895	14898	c	καί	9.783	2
ταύτας	14899	14905	a	οὗτος	9.783	2
διαπεφωνημένας	14906	14920	v	διαφωνέω	9.783	2
.	14920	14921	u	.	9.783	2
οὐδὲν	15085	15090	p	οὐδείς	9.783	3
οὖν	15091	15094	d	οὖν	9.783	3
ἔγωγε	15095	15100	p	ἐγώ	9.783	3
τούτου	15101	15107	p	οὗτος	9.783	3
μεῖζον	15108	15114	a	μέγας	9.783	3
ἕτερον	15115	15121	a	ἕτερος	9.783	3
ἡγοῦμαι	15192	15199	v	ἡγέομαι	9.783	4
τεκμήριον	15200	15209	n	τεκμήριον	9.783	4
ὑπὲρ	15210	15214	a	ὑπέρ	9.783	4
τῶν	15215	15218	p	ὁ	9.783	4
κρισίμων	15219	15227	a	κρίσιμος	9.783	4
ἡμερῶν	15228	15234	n	ἡμέρα	9.783	4
τῆς	15235	15238	l	ὁ	9.783	4
φύσεως	15239	15245	n	φύσις	9.783	4
ὡς	15317	15319	d	ὡς	9.783	5
τὸ	15320	15322	l	ὁ	9.783	5
περὶ	15323	15327	n	περί	9.783	5
μὲν	15328	15331	d	μέν	9.783	5
τῶν	15332	15335	l	ὁ	9.783	5
ἅπαντ	15336	15341	a	ἅπας	9.783	5
ἐχουσῶν	15343	15350	v	ἔχω	9.783	5
τὰ	15351	15353	p	ὁ	9.783	5
κριτικὰ	15354	15361	a	κριτικός	9.783	5
γνωρίσματα	15362	15372	n	γνώρισμα	9.783	5
ταῦτα	15444	15449	p	οὗτος	9.783	6
καὶ	15450	15453	d	καί	9.783	6
παρ	15454	15457	d	παρά	9.783	6
ἐκείνοις	15459	15467	p	ἐκεῖνος	9.783	6
ἔστιν	15468	15473	v	εἰμί	9.783	6
εὑρεῖν	15474	15480	v	εὑρίσκω	9.783	6
συμφωνῆσαί	15481	15491	v	συμφωνέω	9.783	6
τε	15492	15494	d	τε	9.783	6
πάντας	15495	15501	p	πᾶς	9.783	6
ὑπὲρ	15573	15577	r	ὑπέρ	9.783	7
ὧν	15578	15580	p	ὅς	9.783	7
δέ	15581	15583	d	δέ	9.783	7
τις	15584	15587	p	τις	9.783	7
καὶ	15588	15591	d	καί	9.783	7
αὐτὸς	15592	15597	p	αὐτός	9.783	7
ἠπόρησιν	15598	15606	n	ἠπόρησις	9.783	7
ὑπὲρ	15608	15612	r	ὑπέρ	9.783	7
τούτων	15613	15619	p	οὗτος	9.783	7
διενεχθῆναι	15620	15631	v	διαφέρω	9.783	7
.	15631	15632	u	.	9.783	7
ἡ	15703	15704	l	ὁ	9.783	8
γὰρ	15705	15708	d	γάρ	9.783	8
ἐν	15709	15711	r	ἐν	9.783	8
ταῖς	15712	15716	l	ὁ	9.783	8
τοιαύταις	15717	15726	a	τοιοῦτος	9.783	8
διαφωνία	15727	15735	v	διαφωνία	9.783	8
πίστιν	15736	15742	n	πίστις	9.783	8
βεβαίαν	15743	15750	a	βέβαιος	9.783	8
προσνέμει	15751	15760	v	προσνέμω	9.783	8
ταῖς	15831	15835	l	ὁ	9.783	9
ὁμολογουμέναις	15836	15850	v	ὁμολογέω	9.783	9
.	15850	15851	u	.	9.783	9
ἄμεινον	15852	15859	a	ἀμείνων	9.783	9
δ	15860	15861	n	δέ	9.783	9
ἦν	15863	15865	v	εἰμί	9.783	9
ἄρα	15866	15869	d	ἄρα	9.783	9
τοῖς	15870	15874	l	ὁ	9.783	9
σοφισταῖς	15875	15884	n	σοφιστής	9.783	9
ἤδη	15885	15888	d	ἤδη	9.783	9
ποτὲ	15961	15965	d	ποτέ	9.783	10
μισήσασι	15966	15974	v	μισέω	9.783	10
τὰ	15975	15977	d	ὁ	9.783	10
σοφίσματα	15978	15987	n	σόφισμα	9.783	10
περὶ	15989	15993	d	περί	9.783	10
μὲν	15994	15997	d	μέν	9.783	10
δὴ	15998	16000	d	δή	9.783	10
τῶν	16001	16004	l	ὁ	9.783	10
καὶ	16005	16008	d	καί	9.783	10
πάντ	16009	16013	d	πᾶς	9.783	10
ἐχουσῶν	16015	16022	v	ἔχω	9.783	10
τὰ	16095	16097	d	ὁ	9.783	11
γνωρίσματα	16098	16108	n	γνώρισμα	9.783	11
καὶ	16109	16112	d	καί	9.783	11
πρὸς	16113	16117	d	πρός	9.783	11
ἁπάντων	16118	16125	a	ἅπας	9.783	11
ὁμολογουμένων	16126	16139	v	ὁμολογέω	9.783	11
ἑτοίμως	16212	16219	d	ἑτοῖμος	9.783	12
ἀποφήνασθαι	16220	16231	v	ἀποφαίνω	9.783	12
σκοπεῖσθαι	16233	16243	v	σκοπέω	9.783	12
δὲ	16244	16246	d	δέ	9.783	12
ὑπὲρ	16247	16251	d	ὑπέρ	9.783	12
τῶν	16252	16255	d	ὁ	9.783	12
λοιπῶν	16256	16262	a	λοιπός	9.783	12
ὡς	16264	16266	d	ὡς	9.783	12
τό	16339	16341	d	ὁ	9.783	13
γε	16342	16344	d	γε	9.783	13
διὰ	16345	16348	r	διά	9.783	13
τὴν	16349	16352	l	ὁ	9.783	13
ἐν	16353	16355	d	ἐν	9.783	13
ταύταις	16356	16363	a	οὗτος	9.783	13
ἀπορίαν	16364	16371	a	ἀπορία	9.783	13
ὀλιγίσταις	16372	16382	a	ὀλίγιστος	9.783	13
οὔσαις	16383	16389	v	εἰμί	9.783	13
ἀνατρέψαι	16390	16399	v	ἀνατρέπω	9.783	13
τὴν	16472	16475	a	ὁ	9.783	14
ἐν	16476	16478	d	ἐν	9.783	14
ταῖς	16479	16483	a	ὁ	9.783	14
πλείσταις	16484	16493	a	πλεῖστος	9.783	14
εὐπορίαν	16494	16502	a	εὐπορία	9.783	14
ἐσχάτως	16503	16510	a	ἔσχατος	9.783	14
ἄλογον	16511	16517	a	ἄλογος	9.783	14
.	16517	16518	u	.	9.783	14
φέρ	16519	16522	v	φέρω	9.783	14
οὖν	16596	16599	d	οὖν	9.783	15
ἡμεῖς	16600	16605	p	ἐγώ	9.783	15
εἴπερ	16606	16611	d	εἴπερ	9.783	15
δὴ	16612	16614	d	δή	9.783	15
σπουδάζομεν	16615	16626	v	σπουδάζω	9.783	15
ἀληθείας	16627	16635	n	ἀλήθεια	9.783	15
ἐπιχειρήσωμεν	16637	16650	v	ἐπιχειρέω	9.783	15
ἀδεκάστως	16651	16660	d	ἀδέκαστος	9.783	15
αὐτῶν	16733	16738	p	αὐτός	9.783	16
τῇ	16739	16741	p	ὁ	9.783	16
κρίσει	16742	16748	v	κρίσις	9.783	16
.	16748	16749	u	.	9.783	16
καὶ	16750	16753	d	καί	9.783	16
πρώτας	16754	16760	a	πρῶτος	9.783	16
μὲν	16761	16764	d	μέν	9.783	16
προστησώμεθα	16765	16777	v	προίστημι	9.783	16
καθάπερ	16778	16785	d	καθά	9.783	16
τινὰς	16858	16863	a	τις	9.783	17
κανόνας	16864	16871	a	κανών	9.783	17
τὰς	16872	16875	p	ὁ	9.783	17
ἅπαντ	16876	16881	a	ἅπας	9.783	17
ἐχούσας	16883	16890	v	ἔχω	9.783	17
τὰ	16891	16893	p	ὁ	9.783	17
κριτικὰ	16894	16901	a	κριτικός	9.783	17
γνωρίσματα	16902	16912	a	γνώρισμα	9.783	17
δευτέρας	16986	16994	a	δεύτερος	9.783	18
δὲ	16995	16997	d	δέ	9.783	18
τάξωμεν	16998	17005	v	τάσσω	9.783	18
τὰς	17006	17009	p	ὁ	9.783	18
τούτων	17010	17016	p	οὗτος	9.783	18
πλησίον	17017	17024	a	πλησίος	9.783	18
εἶτά	17026	17030	d	εἶτα	9.783	18
τινα	17031	17035	p	τις	9.783	18
καὶ	17108	17111	d	καί	9.783	19
τρίτον	17112	17118	a	τρίτος	9.783	19
καὶ	17119	17122	c	καί	9.783	19
τέταρτον	17123	17131	a	τέταρτος	9.783	19
στοῖχον	17132	17139	a	στοῖχος	9.783	19
ἐφεξῆς	17140	17146	d	ἐφεξῆς	9.783	19
ποιησώμεθα	17147	17157	v	ποιέω	9.783	19
καὶ	17159	17162	d	καί	9.783	19
δείξωμεν	17290	17298	v	δείκνυμι	9.784	1
ἑκάστου	17299	17306	a	ἕκαστος	9.784	1
τὴν	17307	17310	l	ὁ	9.784	1
ἀξίαν	17311	17316	a	ἄξιος	9.784	1
.	17316	17317	u	.	9.784	1
ἡ	17318	17319	l	ὁ	9.784	1
γὰρ	17320	17323	d	γάρ	9.784	1
τοιαύτη	17324	17331	a	τοιοῦτος	9.784	1
γνῶσις	17332	17338	n	γνῶσις	9.784	1
εἰς	17339	17342	v	εἰς	9.784	1
τὰς	17343	17346	l	ὁ	9.784	1
ἰάσεις	17417	17423	n	ἰάομαι	9.784	2
τε	17424	17426	d	τε	9.784	2
καὶ	17427	17430	d	καί	9.784	2
λύσεις	17431	17437	v	λύω	9.784	2
μέγα	17438	17442	a	μέγας	9.784	2
διαφέρει	17443	17451	v	διαφέρω	9.784	2
μήτε	17453	17457	d	μήτε	9.784	2
τοὺς	17458	17462	a	ὁ	9.784	2
ἐν	17463	17465	d	ἐν	9.784	2
πισταῖς	17466	17473	a	πιστός	9.784	2
ἡμέραις	17474	17481	n	ἡμέρα	9.784	2
κριθέντας	17552	17561	v	κρίνω	9.784	3
δι	17562	17564	n	διά	9.784	3
ὑποψίας	17566	17573	a	ὑποψία	9.784	3
ἡμῶν	17574	17578	p	ἐγώ	9.784	3
ἑξόντων	17579	17586	v	ἕξις	9.784	3
ἂν	17587	17589	d	ἄν1	9.784	3
ἢ	17590	17591	d	ἤ	9.784	3
λεπτῶς	17592	17598	d	λεπτός	9.784	3
διαιτησόντων	17599	17611	v	διαιτάω	9.784	3
μήτε	17683	17687	d	μήτε	9.784	4
τοὺς	17688	17692	p	ὁ	9.784	4
ἐν	17693	17695	d	ἐν	9.784	4
ταῖς	17696	17700	p	ὁ	9.784	4
ἀπίστοις	17701	17709	a	ἄπιστος	9.784	4
ἀφυλάκτως	17710	17719	d	ἀφύλακτος	9.784	4
.	17719	17720	u	.	9.784	4
